Node Number	X Location (m)	Y Location (m)	Z Location (m)	Normal Stress (Pa)
1	0.	-0.05	0.	8.4285e+07
2	0.	-0.05	0.025	8.4086e+07
3	0.	-0.05	0.05	8.3608e+07
4	0.	-0.05	0.075	8.4933e+07
5	0.	-0.05	0.1	8.3823e+07
6	0.	-0.025	0.	1.1453e+08
7	0.	-0.025	0.025	1.1235e+08
8	0.	-0.025	0.05	1.1487e+08
9	0.	-0.025	0.075	1.1500e+08
10	0.	-0.025	0.1	1.1402e+08
11	0.	0.	0.	1.4448e+08
12	0.	0.	0.025	1.4448e+08
13	0.	0.	0.05	1.4344e+08
14	0.	0.	0.075	1.4447e+08
15	0.	0.	0.1	1.4330e+08
16	0.	0.025	0.	1.7336e+08
17	0.	0.025	0.025	1.7518e+08
18	0.	0.025	0.05	1.7502e+08
19	0.	0.025	0.075	1.7326e+08
20	0.	0.025	0.1	1.7323e+08
21	0.	0.05	0.	2.0321e+08
22	0.	0.05	0.025	2.0490e+08
23	0.	0.05	0.05	2.0278e+08
24	0.	0.05	0.075	2.0444e+08
25	0.	0.05	0.1	2.0491e+08
26	0.025	-0.05	0.	8.5455e+07
27	0.025	-0.05	0.025	8.6018e+07
28	0.025	-0.05	0.05	8.5344e+07
29	0.025	-0.05	0.075	8.5390e+07
30	0.025	-0.05	0.1	8.4999e+07
31	0.025	-0.025	0.	1.1545e+08
32	0.025	-0.025	0.025	1.1422e+08
33	0.025	-0.025	0.05	1.1499e+08
34	0.025	-0.025	0.075	1.1470e+08
35	0.025	-0.025	0.1	1.1403e+08
36	0.025	0.	0.	1.4347e+08
37	0.025	0.	0.025	1.4519e+08
38	0.025	0.	0.05	1.4417e+08
39	0.025	0.	0.075	1.4313e+08
40	0.025	0.	0.1	1.4426e+08
41	0.025	0.025	0.	1.7310e+08
42	0.025	0.025	0.025	1.7684e+08
43	0.025	0.025	0.05	1.7355e+08
44	0.025	0.025	0.075	1.7285e+08
45	0.025	0.025	0.1	1.7473e+08
46	0.025	0.05	0.	2.0026e+08
47	0.025	0.05	0.025	2.0261e+08
48	0.025	0.05	0.05	2.0492e+08
49	0.025	0.05	0.075	2.0236e+08
50	0.025	0.05	0.1	2.0039e+08
51	0.05	-0.05	0.	8.6793e+07
52	0.05	-0.05	0.025	8.7759e+07
53	0.05	-0.05	0.05	8.7196e+07
54	0.05	-0.05	0.075	8.6562e+07
55	0.05	-0.05	0.1	8.6642e+07
56	0.05	-0.025	0.	1.1511e+08
57	0.05	-0.025	0.025	1.1575e+08
58	0.05	-0.025	0.05	1.1643e+08
59	0.05	-0.025	0.075	1.1623e+08
60	0.05	-0.025	0.1	1.1582e+08
61	0.05	0.	0.	1.4285e+08
62	0.05	0.	0.025	1.4285e+08
63	0.05	0.	0.05	1.4446e+08
64	0.05	0.	0.075	1.4284e+08
65	0.05	0.	0.1	1.4381e+08
66	0.05	0.025	0.	1.7281e+08
67	0.05	0.025	0.025	1.7132e+08
68	0.05	0.025	0.05	1.7144e+08
69	0.05	0.025	0.075	1.7240e+08
70	0.05	0.025	0.1	1.7302e+08
71	0.05	0.05	0.	2.0228e+08
72	0.05	0.05	0.025	2.0173e+08
73	0.05	0.05	0.05	2.0109e+08
74	0.05	0.05	0.075	2.0010e+08
75	0.05	0.05	0.1	1.9971e+08
76	0.075	-0.05	0.	8.8229e+07
77	0.075	-0.05	0.025	8.8718e+07
78	0.075	-0.05	0.05	8.8679e+07
79	0.075	-0.05	0.075	8.7385e+07
80	0.075	-0.05	0.1	8.8083e+07
81	0.075	-0.025	0.	1.1709e+08
82	0.075	-0.025	0.025	1.1631e+08
83	0.075	-0.025	0.05	1.1526e+08
84	0.075	-0.025	0.075	1.1789e+08
85	0.075	-0.025	0.1	1.1623e+08
86	0.075	0.	0.	1.4433e+08
87	0.075	0.	0.025	1.4435e+08
88	0.075	0.	0.05	1.4368e+08
89	0.075	0.	0.075	1.4337e+08
90	0.075	0.	0.1	1.4583e+08
91	0.075	0.025	0.	1.7278e+08
92	0.075	0.025	0.025	1.7260e+08
93	0.075	0.025	0.05	1.7234e+08
94	0.075	0.025	0.075	1.7072e+08
95	0.075	0.025	0.1	1.7307e+08
96	0.075	0.05	0.	1.9849e+08
97	0.075	0.05	0.025	1.9984e+08
98	0.075	0.05	0.05	1.9754e+08
99	0.075	0.05	0.075	1.9706e+08
100	0.075	0.05	0.1	1.9988e+08
101	0.1	-0.05	0.	8.9563e+07
102	0.1	-0.05	0.025	8.8926e+07
103	0.1	-0.05	0.05	9.0292e+07
104	0.1	-0.05	0.075	9.1145e+07
105	0.1	-0.05	0.1	9.0750e+07
106	0.1	-0.025	0.	1.1682e+08
107	0.1	-0.025	0.025	1.1701e+08
108	0.1	-0.025	0.05	1.1762e+08
109	0.1	-0.025	0.075	1.1779e+08
110	0.1	-0.025	0.1	1.1676e+08
111	0.1	0.	0.	1.4403e+08
112	0.1	0.	0.025	1.4426e+08
113	0.1	0.	0.05	1.4448e+08
114	0.1	0.	0.075	1.4389e+08
115	0.1	0.	0.1	1.4390e+08
116	0.1	0.025	0.	1.7242e+08
117	0.1	0.025	0.025	1.7224e+08
118	0.1	0.025	0.05	1.7149e+08
119	0.1	0.025	0.075	1.7276e+08
120	0.1	0.025	0.1	1.7060e+08
121	0.1	0.05	0.	1.9993e+08
122	0.1	0.05	0.025	1.9864e+08
123	0.1	0.05	0.05	2.0189e+08
124	0.1	0.05	0.075	1.9658e+08
125	0.1	0.05	0.1	1.9718e+08
126	0.125	-0.05	0.	9.1730e+07
127	0.125	-0.05	0.025	9.1718e+07
128	0.125	-0.05	0.05	9.2571e+07
129	0.125	-0.05	0.075	9.1133e+07
130	0.125	-0.05	0.1	9.1997e+07
131	0.125	-0.025	0.	1.1857e+08
132	0.125	-0.025	0.025	1.1825e+08
133	0.125	-0.025	0.05	1.1707e+08
134	0.125	-0.025	0.075	1.1874e+08
135	0.125	-0.025	0.1	1.1862e+08
136	0.125	0.	0.	1.4452e+08
137	0.125	0.	0.025	1.4418e+08
138	0.125	0.	0.05	1.4420e+08
139	0.125	0.	0.075	1.4393e+08
140	0.125	0.	0.1	1.4455e+08
141	0.125	0.025	0.	1.7028e+08
142	0.125	0.025	0.025	1.6938e+08
143	0.125	0.025	0.05	1.6918e+08
144	0.125	0.025	0.075	1.6948e+08
145	0.125	0.025	0.1	1.7048e+08
146	0.125	0.05	0.	1.9647e+08
147	0.125	0.05	0.025	1.9675e+08
148	0.125	0.05	0.05	1.9709e+08
149	0.125	0.05	0.075	1.9576e+08
150	0.125	0.05	0.1	1.9823e+08
151	0.15	-0.05	0.	9.2851e+07
152	0.15	-0.05	0.025	9.2758e+07
153	0.15	-0.05	0.05	9.3269e+07
154	0.15	-0.05	0.075	9.1975e+07
155	0.15	-0.05	0.1	9.2559e+07
156	0.15	-0.025	0.	1.1920e+08
157	0.15	-0.025	0.025	1.1726e+08
158	0.15	-0.025	0.05	1.1929e+08
159	0.15	-0.025	0.075	1.1957e+08
160	0.15	-0.025	0.1	1.1824e+08
161	0.15	0.	0.	1.4425e+08
162	0.15	0.	0.025	1.4497e+08
163	0.15	0.	0.05	1.4360e+08
164	0.15	0.	0.075	1.4475e+08
165	0.15	0.	0.1	1.4342e+08
166	0.15	0.025	0.	1.6901e+08
167	0.15	0.025	0.025	1.6869e+08
168	0.15	0.025	0.05	1.6985e+08
169	0.15	0.025	0.075	1.7068e+08
170	0.15	0.025	0.1	1.6931e+08
171	0.15	0.05	0.	1.9351e+08
172	0.15	0.05	0.025	1.9373e+08
173	0.15	0.05	0.05	1.9546e+08
174	0.15	0.05	0.075	1.9716e+08
175	0.15	0.05	0.1	1.9546e+08
176	0.175	-0.05	0.	9.4281e+07
177	0.175	-0.05	0.025	9.4934e+07
178	0.175	-0.05	0.05	9.4364e+07
179	0.175	-0.05	0.075	9.4286e+07
180	0.175	-0.05	0.1	9.3957e+07
181	0.175	-0.025	0.	1.2026e+08
182	0.175	-0.025	0.025	1.1743e+08
183	0.175	-0.025	0.05	1.1982e+08
184	0.175	-0.025	0.075	1.1892e+08
185	0.175	-0.025	0.1	1.1896e+08
186	0.175	0.	0.	1.4546e+08
187	0.175	0.	0.025	1.4338e+08
188	0.175	0.	0.05	1.4341e+08
189	0.175	0.	0.075	1.4389e+08
190	0.175	0.	0.1	1.4436e+08
191	0.175	0.025	0.	1.6830e+08
192	0.175	0.025	0.025	1.6716e+08
193	0.175	0.025	0.05	1.6787e+08
194	0.175	0.025	0.075	1.7005e+08
195	0.175	0.025	0.1	1.6883e+08
196	0.175	0.05	0.	1.9402e+08
197	0.175	0.05	0.025	1.9320e+08
198	0.175	0.05	0.05	1.9273e+08
199	0.175	0.05	0.075	1.9545e+08
200	0.175	0.05	0.1	1.9328e+08
201	0.2	-0.05	0.	9.5745e+07
202	0.2	-0.05	0.025	9.6631e+07
203	0.2	-0.05	0.05	9.5584e+07
204	0.2	-0.05	0.075	9.5657e+07
205	0.2	-0.05	0.1	9.6006e+07
206	0.2	-0.025	0.	1.2000e+08
207	0.2	-0.025	0.025	1.2019e+08
208	0.2	-0.025	0.05	1.2151e+08
209	0.2	-0.025	0.075	1.2024e+08
210	0.2	-0.025	0.1	1.1829e+08
211	0.2	0.	0.	1.4428e+08
212	0.2	0.	0.025	1.4403e+08
213	0.2	0.	0.05	1.4404e+08
214	0.2	0.	0.075	1.4421e+08
215	0.2	0.	0.1	1.4398e+08
216	0.2	0.025	0.	1.6795e+08
217	0.2	0.025	0.025	1.6862e+08
218	0.2	0.025	0.05	1.6745e+08
219	0.2	0.025	0.075	1.6704e+08
220	0.2	0.025	0.1	1.7105e+08
221	0.2	0.05	0.	1.9118e+08
222	0.2	0.05	0.025	1.9212e+08
223	0.2	0.05	0.05	1.9028e+08
224	0.2	0.05	0.075	1.9213e+08
225	0.2	0.05	0.1	1.9092e+08
226	0.225	-0.05	0.	9.7241e+07
227	0.225	-0.05	0.025	9.8111e+07
228	0.225	-0.05	0.05	9.7776e+07
229	0.225	-0.05	0.075	9.7833e+07
230	0.225	-0.05	0.1	9.6464e+07
231	0.225	-0.025	0.	1.2208e+08
232	0.225	-0.025	0.025	1.1989e+08
233	0.225	-0.025	0.05	1.2186e+08
234	0.225	-0.025	0.075	1.2149e+08
235	0.225	-0.025	0.1	1.2117e+08
236	0.225	0.	0.	1.4326e+08
237	0.225	0.	0.025	1.4413e+08
238	0.225	0.	0.05	1.4359e+08
239	0.225	0.	0.075	1.4403e+08
240	0.225	0.	0.1	1.4378e+08
241	0.225	0.025	0.	1.6520e+08
242	0.225	0.025	0.025	1.6838e+08
243	0.225	0.025	0.05	1.6717e+08
244	0.225	0.025	0.075	1.6676e+08
245	0.225	0.025	0.1	1.6669e+08
246	0.225	0.05	0.	1.9091e+08
247	0.225	0.05	0.025	1.8948e+08
248	0.225	0.05	0.05	1.8792e+08
249	0.225	0.05	0.075	1.9097e+08
250	0.225	0.05	0.1	1.9109e+08
251	0.25	-0.05	0.	9.8881e+07
252	0.25	-0.05	0.025	9.8318e+07
253	0.25	-0.05	0.05	9.9053e+07
254	0.25	-0.05	0.075	9.8130e+07
255	0.25	-0.05	0.1	9.8390e+07
256	0.25	-0.025	0.	1.2095e+08
257	0.25	-0.025	0.025	1.2212e+08
258	0.25	-0.025	0.05	1.2124e+08
259	0.25	-0.025	0.075	1.2117e+08
260	0.25	-0.025	0.1	1.2292e+08
261	0.25	0.	0.	1.4430e+08
262	0.25	0.	0.025	1.4429e+08
263	0.25	0.	0.05	1.4368e+08
264	0.25	0.	0.075	1.4348e+08
265	0.25	0.	0.1	1.4211e+08
266	0.25	0.025	0.	1.6747e+08
267	0.25	0.025	0.025	1.6695e+08
268	0.25	0.025	0.05	1.6632e+08
269	0.25	0.025	0.075	1.6636e+08
270	0.25	0.025	0.1	1.6724e+08
271	0.25	0.05	0.	1.8724e+08
272	0.25	0.05	0.025	1.8833e+08
273	0.25	0.05	0.05	1.8771e+08
274	0.25	0.05	0.075	1.9101e+08
275	0.25	0.05	0.1	1.8999e+08
276	0.275	-0.05	0.	9.9172e+07
277	0.275	-0.05	0.025	9.9587e+07
278	0.275	-0.05	0.05	1.0042e+08
279	0.275	-0.05	0.075	1.0022e+08
280	0.275	-0.05	0.1	9.9701e+07
281	0.275	-0.025	0.	1.2368e+08
282	0.275	-0.025	0.025	1.2248e+08
283	0.275	-0.025	0.05	1.2260e+08
284	0.275	-0.025	0.075	1.2174e+08
285	0.275	-0.025	0.1	1.2278e+08
286	0.275	0.	0.	1.4367e+08
287	0.275	0.	0.025	1.4376e+08
288	0.275	0.	0.05	1.4453e+08
289	0.275	0.	0.075	1.4259e+08
290	0.275	0.	0.1	1.4538e+08
291	0.275	0.025	0.	1.6593e+08
292	0.275	0.025	0.025	1.6702e+08
293	0.275	0.025	0.05	1.6468e+08
294	0.275	0.025	0.075	1.6483e+08
295	0.275	0.025	0.1	1.6459e+08
296	0.275	0.05	0.	1.8778e+08
297	0.275	0.05	0.025	1.8757e+08
298	0.275	0.05	0.05	1.8698e+08
299	0.275	0.05	0.075	1.8636e+08
300	0.275	0.05	0.1	1.8608e+08
301	0.3	-0.05	0.	1.0197e+08
302	0.3	-0.05	0.025	1.0172e+08
303	0.3	-0.05	0.05	1.0158e+08
304	0.3	-0.05	0.075	1.0295e+08
305	0.3	-0.05	0.1	1.0195e+08
306	0.3	-0.025	0.	1.2394e+08
307	0.3	-0.025	0.025	1.2261e+08
308	0.3	-0.025	0.05	1.2318e+08
309	0.3	-0.025	0.075	1.2296e+08
310	0.3	-0.025	0.1	1.2175e+08
311	0.3	0.	0.	1.4523e+08
312	0.3	0.	0.025	1.4388e+08
313	0.3	0.	0.05	1.4464e+08
314	0.3	0.	0.075	1.4335e+08
315	0.3	0.	0.1	1.4386e+08
316	0.3	0.025	0.	1.6414e+08
317	0.3	0.025	0.025	1.6622e+08
318	0.3	0.025	0.05	1.6531e+08
319	0.3	0.025	0.075	1.6536e+08
320	0.3	0.025	0.1	1.6634e+08
321	0.3	0.05	0.	1.8729e+08
322	0.3	0.05	0.025	1.8685e+08
323	0.3	0.05	0.05	1.8441e+08
324	0.3	0.05	0.075	1.8522e+08
325	0.3	0.05	0.1	1.8488e+08
326	0.325	-0.05	0.	1.0395e+08
327	0.325	-0.05	0.025	1.0361e+08
328	0.325	-0.05	0.05	1.0264e+08
329	0.325	-0.05	0.075	1.0338e+08
330	0.325	-0.05	0.1	1.0257e+08
331	0.325	-0.025	0.	1.2371e+08
332	0.325	-0.025	0.025	1.2252e+08
333	0.325	-0.025	0.05	1.2414e+08
334	0.325	-0.025	0.075	1.2403e+08
335	0.325	-0.025	0.1	1.2517e+08
336	0.325	0.	0.	1.4473e+08
337	0.325	0.	0.025	1.4363e+08
338	0.325	0.	0.05	1.4471e+08
339	0.325	0.	0.075	1.4279e+08
340	0.325	0.	0.1	1.4317e+08
341	0.325	0.025	0.	1.6458e+08
342	0.325	0.025	0.025	1.6212e+08
343	0.325	0.025	0.05	1.6421e+08
344	0.325	0.025	0.075	1.6324e+08
345	0.325	0.025	0.1	1.6435e+08
346	0.325	0.05	0.	1.8331e+08
347	0.325	0.05	0.025	1.8497e+08
348	0.325	0.05	0.05	1.8452e+08
349	0.325	0.05	0.075	1.8605e+08
350	0.325	0.05	0.1	1.8451e+08
351	0.35	-0.05	0.	1.0452e+08
352	0.35	-0.05	0.025	1.0484e+08
353	0.35	-0.05	0.05	1.0415e+08
354	0.35	-0.05	0.075	1.0526e+08
355	0.35	-0.05	0.1	1.0537e+08
356	0.35	-0.025	0.	1.2634e+08
357	0.35	-0.025	0.025	1.2404e+08
358	0.35	-0.025	0.05	1.2430e+08
359	0.35	-0.025	0.075	1.2407e+08
360	0.35	-0.025	0.1	1.2466e+08
361	0.35	0.	0.	1.4433e+08
362	0.35	0.	0.025	1.4395e+08
363	0.35	0.	0.05	1.4494e+08
364	0.35	0.	0.075	1.4347e+08
365	0.35	0.	0.1	1.4485e+08
366	0.35	0.025	0.	1.6403e+08
367	0.35	0.025	0.025	1.6349e+08
368	0.35	0.025	0.05	1.6319e+08
369	0.35	0.025	0.075	1.6588e+08
370	0.35	0.025	0.1	1.6270e+08
371	0.35	0.05	0.	1.8333e+08
372	0.35	0.05	0.025	1.8218e+08
373	0.35	0.05	0.05	1.8496e+08
374	0.35	0.05	0.075	1.8397e+08
375	0.35	0.05	0.1	1.8226e+08
376	0.375	-0.05	0.	1.0683e+08
377	0.375	-0.05	0.025	1.0666e+08
378	0.375	-0.05	0.05	1.0617e+08
379	0.375	-0.05	0.075	1.0698e+08
380	0.375	-0.05	0.1	1.0675e+08
381	0.375	-0.025	0.	1.2541e+08
382	0.375	-0.025	0.025	1.2522e+08
383	0.375	-0.025	0.05	1.2557e+08
384	0.375	-0.025	0.075	1.2542e+08
385	0.375	-0.025	0.1	1.2529e+08
386	0.375	0.	0.	1.4345e+08
387	0.375	0.	0.025	1.4546e+08
388	0.375	0.	0.05	1.4309e+08
389	0.375	0.	0.075	1.4437e+08
390	0.375	0.	0.1	1.4372e+08
391	0.375	0.025	0.	1.6447e+08
392	0.375	0.025	0.025	1.6187e+08
393	0.375	0.025	0.05	1.6203e+08
394	0.375	0.025	0.075	1.6180e+08
395	0.375	0.025	0.1	1.6307e+08
396	0.375	0.05	0.	1.8000e+08
397	0.375	0.05	0.025	1.8098e+08
398	0.375	0.05	0.05	1.7916e+08
399	0.375	0.05	0.075	1.8176e+08
400	0.375	0.05	0.1	1.8096e+08
401	0.4	-0.05	0.	1.0704e+08
402	0.4	-0.05	0.025	1.0870e+08
403	0.4	-0.05	0.05	1.0715e+08
404	0.4	-0.05	0.075	1.0852e+08
405	0.4	-0.05	0.1	1.0755e+08
406	0.4	-0.025	0.	1.2721e+08
407	0.4	-0.025	0.025	1.2657e+08
408	0.4	-0.025	0.05	1.2524e+08
409	0.4	-0.025	0.075	1.2531e+08
410	0.4	-0.025	0.1	1.2646e+08
411	0.4	0.	0.	1.4377e+08
412	0.4	0.	0.025	1.4385e+08
413	0.4	0.	0.05	1.4510e+08
414	0.4	0.	0.075	1.4335e+08
415	0.4	0.	0.1	1.4408e+08
416	0.4	0.025	0.	1.6293e+08
417	0.4	0.025	0.025	1.6279e+08
418	0.4	0.025	0.05	1.6184e+08
419	0.4	0.025	0.075	1.6172e+08
420	0.4	0.025	0.1	1.6031e+08
421	0.4	0.05	0.	1.7886e+08
422	0.4	0.05	0.025	1.8034e+08
423	0.4	0.05	0.05	1.7985e+08
424	0.4	0.05	0.075	1.8008e+08
425	0.4	0.05	0.1	1.8112e+08
426	0.425	-0.05	0.	1.0872e+08
427	0.425	-0.05	0.025	1.0934e+08
428	0.425	-0.05	0.05	1.0962e+08
429	0.425	-0.05	0.075	1.0904e+08
430	0.425	-0.05	0.1	1.1044e+08
431	0.425	-0.025	0.	1.2744e+08
432	0.425	-0.025	0.025	1.2697e+08
433	0.425	-0.025	0.05	1.2811e+08
434	0.425	-0.025	0.075	1.2561e+08
435	0.425	-0.025	0.1	1.2674e+08
436	0.425	0.	0.	1.4432e+08
437	0.425	0.	0.025	1.4321e+08
438	0.425	0.	0.05	1.4426e+08
439	0.425	0.	0.075	1.4304e+08
440	0.425	0.	0.1	1.4460e+08
441	0.425	0.025	0.	1.6227e+08
442	0.425	0.025	0.025	1.6151e+08
443	0.425	0.025	0.05	1.5946e+08
444	0.425	0.025	0.075	1.6031e+08
445	0.425	0.025	0.1	1.6180e+08
446	0.425	0.05	0.	1.7852e+08
447	0.425	0.05	0.025	1.7561e+08
448	0.425	0.05	0.05	1.7983e+08
449	0.425	0.05	0.075	1.7865e+08
450	0.425	0.05	0.1	1.7762e+08
451	0.45	-0.05	0.	1.1166e+08
452	0.45	-0.05	0.025	1.1055e+08
453	0.45	-0.05	0.05	1.1054e+08
454	0.45	-0.05	0.075	1.1124e+08
455	0.45	-0.05	0.1	1.1219e+08
456	0.45	-0.025	0.	1.2874e+08
457	0.45	-0.025	0.025	1.2778e+08
458	0.45	-0.025	0.05	1.2785e+08
459	0.45	-0.025	0.075	1.2811e+08
460	0.45	-0.025	0.1	1.2654e+08
461	0.45	0.	0.	1.4456e+08
462	0.45	0.	0.025	1.4337e+08
463	0.45	0.	0.05	1.4428e+08
464	0.45	0.	0.075	1.4380e+08
465	0.45	0.	0.1	1.4443e+08
466	0.45	0.025	0.	1.6061e+08
467	0.45	0.025	0.025	1.5754e+08
468	0.45	0.025	0.05	1.6067e+08
469	0.45	0.025	0.075	1.6112e+08
470	0.45	0.025	0.1	1.6093e+08
471	0.45	0.05	0.	1.7689e+08
472	0.45	0.05	0.025	1.7874e+08
473	0.45	0.05	0.05	1.7733e+08
474	0.45	0.05	0.075	1.7746e+08
475	0.45	0.05	0.1	1.7811e+08
476	0.475	-0.05	0.	1.1274e+08
477	0.475	-0.05	0.025	1.1189e+08
478	0.475	-0.05	0.05	1.1085e+08
479	0.475	-0.05	0.075	1.1218e+08
480	0.475	-0.05	0.1	1.1301e+08
481	0.475	-0.025	0.	1.2798e+08
482	0.475	-0.025	0.025	1.2887e+08
483	0.475	-0.025	0.05	1.2836e+08
484	0.475	-0.025	0.075	1.2924e+08
485	0.475	-0.025	0.1	1.2802e+08
486	0.475	0.	0.	1.4440e+08
487	0.475	0.	0.025	1.4444e+08
488	0.475	0.	0.05	1.4530e+08
489	0.475	0.	0.075	1.4253e+08
490	0.475	0.	0.1	1.4360e+08
491	0.475	0.025	0.	1.6056e+08
492	0.475	0.025	0.025	1.6123e+08
493	0.475	0.025	0.05	1.5998e+08
494	0.475	0.025	0.075	1.5947e+08
495	0.475	0.025	0.1	1.6048e+08
496	0.475	0.05	0.	1.7641e+08
497	0.475	0.05	0.025	1.7512e+08
498	0.475	0.05	0.05	1.7585e+08
499	0.475	0.05	0.075	1.7674e+08
500	0.475	0.05	0.1	1.7749e+08
501	0.5	-0.05	0.	1.1451e+08
502	0.5	-0.05	0.025	1.1403e+08
503	0.5	-0.05	0.05	1.1396e+08
504	0.5	-0.05	0.075	1.1438e+08
505	0.5	-0.05	0.1	1.1392e+08
506	0.5	-0.025	0.	1.2915e+08
507	0.5	-0.025	0.025	1.2818e+08
508	0.5	-0.025	0.05	1.3000e+08
509	0.5	-0.025	0.075	1.2812e+08
510	0.5	-0.025	0.1	1.2867e+08
511	0.5	0.	0.	1.4408e+08
512	0.5	0.	0.025	1.4572e+08
513	0.5	0.	0.05	1.4363e+08
514	0.5	0.	0.075	1.4342e+08
515	0.5	0.	0.1	1.4352e+08
516	0.5	0.025	0.	1.6058e+08
517	0.5	0.025	0.025	1.5632e+08
518	0.5	0.025	0.05	1.5804e+08
519	0.5	0.025	0.075	1.6161e+08
520	0.5	0.025	0.1	1.5956e+08
521	0.5	0.05	0.	1.7285e+08
522	0.5	0.05	0.025	1.7396e+08
523	0.5	0.05	0.05	1.7407e+08
524	0.5	0.05	0.075	1.7488e+08
525	0.5	0.05	0.1	1.7592e+08
526	0.525	-0.05	0.	1.1577e+08
527	0.525	-0.05	0.025	1.1513e+08
528	0.525	-0.05	0.05	1.1605e+08
529	0.525	-0.05	0.075	1.1502e+08
530	0.525	-0.05	0.1	1.1478e+08
531	0.525	-0.025	0.	1.2838e+08
532	0.525	-0.025	0.025	1.2853e+08
533	0.525	-0.025	0.05	1.2905e+08
534	0.525	-0.025	0.075	1.2883e+08
535	0.525	-0.025	0.1	1.2999e+08
536	0.525	0.	0.	1.4296e+08
537	0.525	0.	0.025	1.4128e+08
538	0.525	0.	0.05	1.4310e+08
539	0.525	0.	0.075	1.4359e+08
540	0.525	0.	0.1	1.4348e+08
541	0.525	0.025	0.	1.5969e+08
542	0.525	0.025	0.025	1.5767e+08
543	0.525	0.025	0.05	1.5909e+08
544	0.525	0.025	0.075	1.5823e+08
545	0.525	0.025	0.1	1.5821e+08
546	0.525	0.05	0.	1.7164e+08
547	0.525	0.05	0.025	1.7244e+08
548	0.525	0.05	0.05	1.7171e+08
549	0.525	0.05	0.075	1.7268e+08
550	0.525	0.05	0.1	1.7226e+08
551	0.55	-0.05	0.	1.1634e+08
552	0.55	-0.05	0.025	1.1770e+08
553	0.55	-0.05	0.05	1.1730e+08
554	0.55	-0.05	0.075	1.1669e+08
555	0.55	-0.05	0.1	1.1710e+08
556	0.55	-0.025	0.	1.3043e+08
557	0.55	-0.025	0.025	1.2982e+08
558	0.55	-0.025	0.05	1.3056e+08
559	0.55	-0.025	0.075	1.3001e+08
560	0.55	-0.025	0.1	1.2976e+08
561	0.55	0.	0.	1.4260e+08
562	0.55	0.	0.025	1.4369e+08
563	0.55	0.	0.05	1.4449e+08
564	0.55	0.	0.075	1.4340e+08
565	0.55	0.	0.1	1.4618e+08
566	0.55	0.025	0.	1.5834e+08
567	0.55	0.025	0.025	1.5873e+08
568	0.55	0.025	0.05	1.5825e+08
569	0.55	0.025	0.075	1.5925e+08
570	0.55	0.025	0.1	1.5676e+08
571	0.55	0.05	0.	1.6837e+08
572	0.55	0.05	0.025	1.7054e+08
573	0.55	0.05	0.05	1.7157e+08
574	0.55	0.05	0.075	1.7116e+08
575	0.55	0.05	0.1	1.7128e+08
576	0.575	-0.05	0.	1.1944e+08
577	0.575	-0.05	0.025	1.1877e+08
578	0.575	-0.05	0.05	1.1907e+08
579	0.575	-0.05	0.075	1.1783e+08
580	0.575	-0.05	0.1	1.1772e+08
581	0.575	-0.025	0.	1.3252e+08
582	0.575	-0.025	0.025	1.3133e+08
583	0.575	-0.025	0.05	1.3076e+08
584	0.575	-0.025	0.075	1.3076e+08
585	0.575	-0.025	0.1	1.3074e+08
586	0.575	0.	0.	1.4339e+08
587	0.575	0.	0.025	1.4289e+08
588	0.575	0.	0.05	1.4270e+08
589	0.575	0.	0.075	1.4383e+08
590	0.575	0.	0.1	1.4349e+08
591	0.575	0.025	0.	1.5779e+08
592	0.575	0.025	0.025	1.5703e+08
593	0.575	0.025	0.05	1.5700e+08
594	0.575	0.025	0.075	1.5605e+08
595	0.575	0.025	0.1	1.5664e+08
596	0.575	0.05	0.	1.6987e+08
597	0.575	0.05	0.025	1.7023e+08
598	0.575	0.05	0.05	1.6940e+08
599	0.575	0.05	0.075	1.7060e+08
600	0.575	0.05	0.1	1.6951e+08
601	0.6	-0.05	0.	1.2057e+08
602	0.6	-0.05	0.025	1.1965e+08
603	0.6	-0.05	0.05	1.1869e+08
604	0.6	-0.05	0.075	1.2019e+08
605	0.6	-0.05	0.1	1.2052e+08
606	0.6	-0.025	0.	1.3246e+08
607	0.6	-0.025	0.025	1.3233e+08
608	0.6	-0.025	0.05	1.3172e+08
609	0.6	-0.025	0.075	1.3136e+08
610	0.6	-0.025	0.1	1.3244e+08
611	0.6	0.	0.	1.4437e+08
612	0.6	0.	0.025	1.4352e+08
613	0.6	0.	0.05	1.4496e+08
614	0.6	0.	0.075	1.4324e+08
615	0.6	0.	0.1	1.4350e+08
616	0.6	0.025	0.	1.5753e+08
617	0.6	0.025	0.025	1.5681e+08
618	0.6	0.025	0.05	1.5566e+08
619	0.6	0.025	0.075	1.5627e+08
620	0.6	0.025	0.1	1.5614e+08
621	0.6	0.05	0.	1.6523e+08
622	0.6	0.05	0.025	1.6709e+08
623	0.6	0.05	0.05	1.6795e+08
624	0.6	0.05	0.075	1.6764e+08
625	0.6	0.05	0.1	1.6825e+08
626	0.625	-0.05	0.	1.2232e+08
627	0.625	-0.05	0.025	1.2127e+08
628	0.625	-0.05	0.05	1.2073e+08
629	0.625	-0.05	0.075	1.2174e+08
630	0.625	-0.05	0.1	1.2126e+08
631	0.625	-0.025	0.	1.3263e+08
632	0.625	-0.025	0.025	1.3252e+08
633	0.625	-0.025	0.05	1.3454e+08
634	0.625	-0.025	0.075	1.3097e+08
635	0.625	-0.025	0.1	1.3244e+08
636	0.625	0.	0.	1.4400e+08
637	0.625	0.	0.025	1.4333e+08
638	0.625	0.	0.05	1.4478e+08
639	0.625	0.	0.075	1.4470e+08
640	0.625	0.	0.1	1.4396e+08
641	0.625	0.025	0.	1.5500e+08
642	0.625	0.025	0.025	1.5515e+08
643	0.625	0.025	0.05	1.5515e+08
644	0.625	0.025	0.075	1.5518e+08
645	0.625	0.025	0.1	1.5507e+08
646	0.625	0.05	0.	1.6675e+08
647	0.625	0.05	0.025	1.6725e+08
648	0.625	0.05	0.05	1.6527e+08
649	0.625	0.05	0.075	1.6545e+08
650	0.625	0.05	0.1	1.6475e+08
651	0.65	-0.05	0.	1.2364e+08
652	0.65	-0.05	0.025	1.2318e+08
653	0.65	-0.05	0.05	1.2337e+08
654	0.65	-0.05	0.075	1.2195e+08
655	0.65	-0.05	0.1	1.2432e+08
656	0.65	-0.025	0.	1.3301e+08
657	0.65	-0.025	0.025	1.3363e+08
658	0.65	-0.025	0.05	1.3418e+08
659	0.65	-0.025	0.075	1.3271e+08
660	0.65	-0.025	0.1	1.3306e+08
661	0.65	0.	0.	1.4415e+08
662	0.65	0.	0.025	1.4647e+08
663	0.65	0.	0.05	1.4426e+08
664	0.65	0.	0.075	1.4539e+08
665	0.65	0.	0.1	1.4504e+08
666	0.65	0.025	0.	1.5484e+08
667	0.65	0.025	0.025	1.5358e+08
668	0.65	0.025	0.05	1.5548e+08
669	0.65	0.025	0.075	1.5311e+08
670	0.65	0.025	0.1	1.5598e+08
671	0.65	0.05	0.	1.6520e+08
672	0.65	0.05	0.025	1.6238e+08
673	0.65	0.05	0.05	1.6466e+08
674	0.65	0.05	0.075	1.6565e+08
675	0.65	0.05	0.1	1.6477e+08
676	0.675	-0.05	0.	1.2503e+08
677	0.675	-0.05	0.025	1.2387e+08
678	0.675	-0.05	0.05	1.2352e+08
679	0.675	-0.05	0.075	1.2445e+08
680	0.675	-0.05	0.1	1.2452e+08
681	0.675	-0.025	0.	1.3397e+08
682	0.675	-0.025	0.025	1.3524e+08
683	0.675	-0.025	0.05	1.3357e+08
684	0.675	-0.025	0.075	1.3450e+08
685	0.675	-0.025	0.1	1.3430e+08
686	0.675	0.	0.	1.4265e+08
687	0.675	0.	0.025	1.4286e+08
688	0.675	0.	0.05	1.4401e+08
689	0.675	0.	0.075	1.4571e+08
690	0.675	0.	0.1	1.4450e+08
691	0.675	0.025	0.	1.5216e+08
692	0.675	0.025	0.025	1.5088e+08
693	0.675	0.025	0.05	1.5443e+08
694	0.675	0.025	0.075	1.5366e+08
695	0.675	0.025	0.1	1.5480e+08
696	0.675	0.05	0.	1.6264e+08
697	0.675	0.05	0.025	1.6384e+08
698	0.675	0.05	0.05	1.6433e+08
699	0.675	0.05	0.075	1.6306e+08
700	0.675	0.05	0.1	1.6308e+08
701	0.7	-0.05	0.	1.2602e+08
702	0.7	-0.05	0.025	1.2641e+08
703	0.7	-0.05	0.05	1.2599e+08
704	0.7	-0.05	0.075	1.2674e+08
705	0.7	-0.05	0.1	1.2565e+08
706	0.7	-0.025	0.	1.3392e+08
707	0.7	-0.025	0.025	1.3660e+08
708	0.7	-0.025	0.05	1.3451e+08
709	0.7	-0.025	0.075	1.3454e+08
710	0.7	-0.025	0.1	1.3495e+08
711	0.7	0.	0.	1.4406e+08
712	0.7	0.	0.025	1.4367e+08
713	0.7	0.	0.05	1.4398e+08
714	0.7	0.	0.075	1.4397e+08
715	0.7	0.	0.1	1.4415e+08
716	0.7	0.025	0.	1.5084e+08
717	0.7	0.025	0.025	1.5473e+08
718	0.7	0.025	0.05	1.5286e+08
719	0.7	0.025	0.075	1.5353e+08
720	0.7	0.025	0.1	1.5173e+08
721	0.7	0.05	0.	1.6154e+08
722	0.7	0.05	0.025	1.6135e+08
723	0.7	0.05	0.05	1.6343e+08
724	0.7	0.05	0.075	1.6143e+08
725	0.7	0.05	0.1	1.6274e+08
726	0.725	-0.05	0.	1.2700e+08
727	0.725	-0.05	0.025	1.2715e+08
728	0.725	-0.05	0.05	1.2731e+08
729	0.725	-0.05	0.075	1.2848e+08
730	0.725	-0.05	0.1	1.2605e+08
731	0.725	-0.025	0.	1.3468e+08
732	0.725	-0.025	0.025	1.3416e+08
733	0.725	-0.025	0.05	1.3486e+08
734	0.725	-0.025	0.075	1.3509e+08
735	0.725	-0.025	0.1	1.3444e+08
736	0.725	0.	0.	1.4337e+08
737	0.725	0.	0.025	1.4226e+08
738	0.725	0.	0.05	1.4312e+08
739	0.725	0.	0.075	1.4504e+08
740	0.725	0.	0.1	1.4435e+08
741	0.725	0.025	0.	1.5242e+08
742	0.725	0.025	0.025	1.5133e+08
743	0.725	0.025	0.05	1.5085e+08
744	0.725	0.025	0.075	1.5121e+08
745	0.725	0.025	0.1	1.5221e+08
746	0.725	0.05	0.	1.6134e+08
747	0.725	0.05	0.025	1.6137e+08
748	0.725	0.05	0.05	1.6111e+08
749	0.725	0.05	0.075	1.5979e+08
750	0.725	0.05	0.1	1.6052e+08
751	0.75	-0.05	0.	1.2875e+08
752	0.75	-0.05	0.025	1.2884e+08
753	0.75	-0.05	0.05	1.3058e+08
754	0.75	-0.05	0.075	1.2764e+08
755	0.75	-0.05	0.1	1.2882e+08
756	0.75	-0.025	0.	1.3749e+08
757	0.75	-0.025	0.025	1.3530e+08
758	0.75	-0.025	0.05	1.3597e+08
759	0.75	-0.025	0.075	1.3607e+08
760	0.75	-0.025	0.1	1.3632e+08
761	0.75	0.	0.	1.4262e+08
762	0.75	0.	0.025	1.4451e+08
763	0.75	0.	0.05	1.4458e+08
764	0.75	0.	0.075	1.4444e+08
765	0.75	0.	0.1	1.4325e+08
766	0.75	0.025	0.	1.5158e+08
767	0.75	0.025	0.025	1.5068e+08
768	0.75	0.025	0.05	1.5120e+08
769	0.75	0.025	0.075	1.5346e+08
770	0.75	0.025	0.1	1.5159e+08
771	0.75	0.05	0.	1.5787e+08
772	0.75	0.05	0.025	1.5917e+08
773	0.75	0.05	0.05	1.5771e+08
774	0.75	0.05	0.075	1.5786e+08
775	0.75	0.05	0.1	1.5801e+08
776	0.775	-0.05	0.	1.3015e+08
777	0.775	-0.05	0.025	1.3123e+08
778	0.775	-0.05	0.05	1.3095e+08
779	0.775	-0.05	0.075	1.3091e+08
780	0.775	-0.05	0.1	1.2964e+08
781	0.775	-0.025	0.	1.3680e+08
782	0.775	-0.025	0.025	1.3747e+08
783	0.775	-0.025	0.05	1.3673e+08
784	0.775	-0.025	0.075	1.3702e+08
785	0.775	-0.025	0.1	1.3761e+08
786	0.775	0.	0.	1.4370e+08
787	0.775	0.	0.025	1.4420e+08
788	0.775	0.	0.05	1.4538e+08
789	0.775	0.	0.075	1.4385e+08
790	0.775	0.	0.1	1.4502e+08
791	0.775	0.025	0.	1.5126e+08
792	0.775	0.025	0.025	1.4942e+08
793	0.775	0.025	0.05	1.4975e+08
794	0.775	0.025	0.075	1.5000e+08
795	0.775	0.025	0.1	1.4998e+08
796	0.775	0.05	0.	1.5741e+08
797	0.775	0.05	0.025	1.5808e+08
798	0.775	0.05	0.05	1.5869e+08
799	0.775	0.05	0.075	1.5779e+08
800	0.775	0.05	0.1	1.5708e+08
801	0.8	-0.05	0.	1.3035e+08
802	0.8	-0.05	0.025	1.3206e+08
803	0.8	-0.05	0.05	1.3202e+08
804	0.8	-0.05	0.075	1.3214e+08
805	0.8	-0.05	0.1	1.3367e+08
806	0.8	-0.025	0.	1.3903e+08
807	0.8	-0.025	0.025	1.3865e+08
808	0.8	-0.025	0.05	1.3720e+08
809	0.8	-0.025	0.075	1.3758e+08
810	0.8	-0.025	0.1	1.3792e+08
811	0.8	0.	0.	1.4333e+08
812	0.8	0.	0.025	1.4443e+08
813	0.8	0.	0.05	1.4431e+08
814	0.8	0.	0.075	1.4306e+08
815	0.8	0.	0.1	1.4503e+08
816	0.8	0.025	0.	1.5009e+08
817	0.8	0.025	0.025	1.4844e+08
818	0.8	0.025	0.05	1.4995e+08
819	0.8	0.025	0.075	1.5025e+08
820	0.8	0.025	0.1	1.5088e+08
821	0.8	0.05	0.	1.5568e+08
822	0.8	0.05	0.025	1.5677e+08
823	0.8	0.05	0.05	1.5618e+08
824	0.8	0.05	0.075	1.5477e+08
825	0.8	0.05	0.1	1.5468e+08
826	0.825	-0.05	0.	1.3440e+08
827	0.825	-0.05	0.025	1.3446e+08
828	0.825	-0.05	0.05	1.3376e+08
829	0.825	-0.05	0.075	1.3470e+08
830	0.825	-0.05	0.1	1.3435e+08
831	0.825	-0.025	0.	1.3932e+08
832	0.825	-0.025	0.025	1.3799e+08
833	0.825	-0.025	0.05	1.4019e+08
834	0.825	-0.025	0.075	1.3920e+08
835	0.825	-0.025	0.1	1.3843e+08
836	0.825	0.	0.	1.4342e+08
837	0.825	0.	0.025	1.4422e+08
838	0.825	0.	0.05	1.4256e+08
839	0.825	0.	0.075	1.4460e+08
840	0.825	0.	0.1	1.4318e+08
841	0.825	0.025	0.	1.4958e+08
842	0.825	0.025	0.025	1.4878e+08
843	0.825	0.025	0.05	1.4901e+08
844	0.825	0.025	0.075	1.4857e+08
845	0.825	0.025	0.1	1.4911e+08
846	0.825	0.05	0.	1.5625e+08
847	0.825	0.05	0.025	1.5578e+08
848	0.825	0.05	0.05	1.5483e+08
849	0.825	0.05	0.075	1.5448e+08
850	0.825	0.05	0.1	1.5528e+08
851	0.85	-0.05	0.	1.3592e+08
852	0.85	-0.05	0.025	1.3433e+08
853	0.85	-0.05	0.05	1.3494e+08
854	0.85	-0.05	0.075	1.3352e+08
855	0.85	-0.05	0.1	1.3591e+08
856	0.85	-0.025	0.	1.4123e+08
857	0.85	-0.025	0.025	1.3957e+08
858	0.85	-0.025	0.05	1.3772e+08
859	0.85	-0.025	0.075	1.4001e+08
860	0.85	-0.025	0.1	1.3874e+08
861	0.85	0.	0.	1.4343e+08
862	0.85	0.	0.025	1.4454e+08
863	0.85	0.	0.05	1.4422e+08
864	0.85	0.	0.075	1.4358e+08
865	0.85	0.	0.1	1.4344e+08
866	0.85	0.025	0.	1.4861e+08
867	0.85	0.025	0.025	1.4814e+08
868	0.85	0.025	0.05	1.4751e+08
869	0.85	0.025	0.075	1.4820e+08
870	0.85	0.025	0.1	1.4880e+08
871	0.85	0.05	0.	1.5284e+08
872	0.85	0.05	0.025	1.5170e+08
873	0.85	0.05	0.05	1.5391e+08
874	0.85	0.05	0.075	1.5049e+08
875	0.85	0.05	0.1	1.5259e+08
876	0.875	-0.05	0.	1.3599e+08
877	0.875	-0.05	0.025	1.3662e+08
878	0.875	-0.05	0.05	1.3696e+08
879	0.875	-0.05	0.075	1.3742e+08
880	0.875	-0.05	0.1	1.3592e+08
881	0.875	-0.025	0.	1.4074e+08
882	0.875	-0.025	0.025	1.4041e+08
883	0.875	-0.025	0.05	1.3881e+08
884	0.875	-0.025	0.075	1.4185e+08
885	0.875	-0.025	0.1	1.3904e+08
886	0.875	0.	0.	1.4436e+08
887	0.875	0.	0.025	1.4434e+08
888	0.875	0.	0.05	1.4424e+08
889	0.875	0.	0.075	1.4357e+08
890	0.875	0.	0.1	1.4471e+08
891	0.875	0.025	0.	1.4637e+08
892	0.875	0.025	0.025	1.4769e+08
893	0.875	0.025	0.05	1.4725e+08
894	0.875	0.025	0.075	1.4715e+08
895	0.875	0.025	0.1	1.4813e+08
896	0.875	0.05	0.	1.5248e+08
897	0.875	0.05	0.025	1.5119e+08
898	0.875	0.05	0.05	1.5221e+08
899	0.875	0.05	0.075	1.5155e+08
900	0.875	0.05	0.1	1.5069e+08
901	0.9	-0.05	0.	1.3779e+08
902	0.9	-0.05	0.025	1.3775e+08
903	0.9	-0.05	0.05	1.3742e+08
904	0.9	-0.05	0.075	1.3835e+08
905	0.9	-0.05	0.1	1.3819e+08
906	0.9	-0.025	0.	1.3965e+08
907	0.9	-0.025	0.025	1.3960e+08
908	0.9	-0.025	0.05	1.4136e+08
909	0.9	-0.025	0.075	1.4031e+08
910	0.9	-0.025	0.1	1.4126e+08
911	0.9	0.	0.	1.4467e+08
912	0.9	0.	0.025	1.4290e+08
913	0.9	0.	0.05	1.4278e+08
914	0.9	0.	0.075	1.4545e+08
915	0.9	0.	0.1	1.4430e+08
916	0.9	0.025	0.	1.4663e+08
917	0.9	0.025	0.025	1.4618e+08
918	0.9	0.025	0.05	1.4655e+08
919	0.9	0.025	0.075	1.4595e+08
920	0.9	0.025	0.1	1.4778e+08
921	0.9	0.05	0.	1.4930e+08
922	0.9	0.05	0.025	1.5098e+08
923	0.9	0.05	0.05	1.4964e+08
924	0.9	0.05	0.075	1.4906e+08
925	0.9	0.05	0.1	1.4962e+08
926	0.925	-0.05	0.	1.3730e+08
927	0.925	-0.05	0.025	1.3940e+08
928	0.925	-0.05	0.05	1.3936e+08
929	0.925	-0.05	0.075	1.4019e+08
930	0.925	-0.05	0.1	1.3792e+08
931	0.925	-0.025	0.	1.4274e+08
932	0.925	-0.025	0.025	1.4245e+08
933	0.925	-0.025	0.05	1.4281e+08
934	0.925	-0.025	0.075	1.4171e+08
935	0.925	-0.025	0.1	1.4261e+08
936	0.925	0.	0.	1.4273e+08
937	0.925	0.	0.025	1.4462e+08
938	0.925	0.	0.05	1.4333e+08
939	0.925	0.	0.075	1.4257e+08
940	0.925	0.	0.1	1.4303e+08
941	0.925	0.025	0.	1.4625e+08
942	0.925	0.025	0.025	1.4553e+08
943	0.925	0.025	0.05	1.4658e+08
944	0.925	0.025	0.075	1.4466e+08
945	0.925	0.025	0.1	1.4438e+08
946	0.925	0.05	0.	1.4972e+08
947	0.925	0.05	0.025	1.4931e+08
948	0.925	0.05	0.05	1.4757e+08
949	0.925	0.05	0.075	1.4850e+08
950	0.925	0.05	0.1	1.4941e+08
951	0.95	-0.05	0.	1.4135e+08
952	0.95	-0.05	0.025	1.4113e+08
953	0.95	-0.05	0.05	1.4193e+08
954	0.95	-0.05	0.075	1.4038e+08
955	0.95	-0.05	0.1	1.4103e+08
956	0.95	-0.025	0.	1.4248e+08
957	0.95	-0.025	0.025	1.4227e+08
958	0.95	-0.025	0.05	1.4217e+08
959	0.95	-0.025	0.075	1.4256e+08
960	0.95	-0.025	0.1	1.4253e+08
961	0.95	0.	0.	1.4309e+08
962	0.95	0.	0.025	1.4469e+08
963	0.95	0.	0.05	1.4316e+08
964	0.95	0.	0.075	1.4381e+08
965	0.95	0.	0.1	1.4374e+08
966	0.95	0.025	0.	1.4581e+08
967	0.95	0.025	0.025	1.4365e+08
968	0.95	0.025	0.05	1.4628e+08
969	0.95	0.025	0.075	1.4491e+08
970	0.95	0.025	0.1	1.4657e+08
971	0.95	0.05	0.	1.4658e+08
972	0.95	0.05	0.025	1.4696e+08
973	0.95	0.05	0.05	1.4869e+08
974	0.95	0.05	0.075	1.4676e+08
975	0.95	0.05	0.1	1.4809e+08
976	0.975	-0.05	0.	1.4253e+08
977	0.975	-0.05	0.025	1.4286e+08
978	0.975	-0.05	0.05	1.4256e+08
979	0.975	-0.05	0.075	1.4322e+08
980	0.975	-0.05	0.1	1.4191e+08
981	0.975	-0.025	0.	1.4240e+08
982	0.975	-0.025	0.025	1.4270e+08
983	0.975	-0.025	0.05	1.4334e+08
984	0.975	-0.025	0.075	1.4306e+08
985	0.975	-0.025	0.1	1.4386e+08
986	0.975	0.	0.	1.4513e+08
987	0.975	0.	0.025	1.4316e+08
988	0.975	0.	0.05	1.4337e+08
989	0.975	0.	0.075	1.4276e+08
990	0.975	0.	0.1	1.4575e+08
991	0.975	0.025	0.	1.4501e+08
992	0.975	0.025	0.025	1.4517e+08
993	0.975	0.025	0.05	1.4359e+08
994	0.975	0.025	0.075	1.4475e+08
995	0.975	0.025	0.1	1.4519e+08
996	0.975	0.05	0.	1.4528e+08
997	0.975	0.05	0.025	1.4644e+08
998	0.975	0.05	0.05	1.4752e+08
999	0.975	0.05	0.075	1.4467e+08
1000	0.975	0.05	0.1	1.4461e+08
1001	1	-0.05	0.	1.4324e+08
1002	1	-0.05	0.025	1.4539e+08
1003	1	-0.05	0.05	1.4490e+08
1004	1	-0.05	0.075	1.4388e+08
1005	1	-0.05	0.1	1.4403e+08
1006	1	-0.025	0.	1.4329e+08
1007	1	-0.025	0.025	1.4477e+08
1008	1	-0.025	0.05	1.4367e+08
1009	1	-0.025	0.075	1.4378e+08
1010	1	-0.025	0.1	1.4453e+08
1011	1	0.	0.	1.4384e+08
1012	1	0.	0.025	1.4380e+08
1013	1	0.	0.05	1.4401e+08
1014	1	0.	0.075	1.4469e+08
1015	1	0.	0.1	1.4542e+08
1016	1	0.025	0.	1.4451e+08
1017	1	0.025	0.025	1.4469e+08
1018	1	0.025	0.05	1.4383e+08
1019	1	0.025	0.075	1.4339e+08
1020	1	0.025	0.1	1.4457e+08
1021	1	0.05	0.	1.4415e+08
1022	1	0.05	0.025	1.4277e+08
1023	1	0.05	0.05	1.4372e+08
1024	1	0.05	0.075	1.4393e+08
1025	1	0.05	0.1	1.4356e+08
