Node Number	X Location (m)	Y Location (m)	Z Location (m)	Normal Stress (Pa)
1	0.	-0.05	0.	-5.9869e+07
2	0.	-0.05	0.025	-5.9215e+07
3	0.	-0.05	0.05	-6.0013e+07
4	0.	-0.05	0.075	-5.9998e+07
5	0.	-0.05	0.1	-6.0376e+07
6	0.	-0.025	0.	-3.0214e+07
7	0.	-0.025	0.025	-3.0036e+07
8	0.	-0.025	0.05	-2.9910e+07
9	0.	-0.025	0.075	-3.0087e+07
10	0.	-0.025	0.1	-2.9905e+07
11	0.	0.	0.	0.0000e+00
12	0.	0.	0.025	0.0000e+00
13	0.	0.	0.05	0.0000e+00
14	0.	0.	0.075	0.0000e+00
15	0.	0.	0.1	0.0000e+00
16	0.	0.025	0.	2.9828e+07
17	0.	0.025	0.025	3.0175e+07
18	0.	0.025	0.05	3.0126e+07
19	0.	0.025	0.075	3.0018e+07
20	0.	0.025	0.1	2.9863e+07
21	0.	0.05	0.	5.9691e+07
22	0.	0.05	0.025	5.9806e+07
23	0.	0.05	0.05	6.0195e+07
24	0.	0.05	0.075	5.9656e+07
25	0.	0.05	0.1	6.0158e+07
26	0.025	-0.05	0.	-5.8064e+07
27	0.025	-0.05	0.025	-5.8428e+07
28	0.025	-0.05	0.05	-5.8538e+07
29	0.025	-0.05	0.075	-5.9358e+07
30	0.025	-0.05	0.1	-5.8017e+07
31	0.025	-0.025	0.	-2.9508e+07
32	0.025	-0.025	0.025	-2.9276e+07
33	0.025	-0.025	0.05	-2.9322e+07
34	0.025	-0.025	0.075	-2.9271e+07
35	0.025	-0.025	0.1	-2.9328e+07
36	0.025	0.	0.	0.0000e+00
37	0.025	0.	0.025	0.0000e+00
38	0.025	0.	0.05	0.0000e+00
39	0.025	0.	0.075	0.0000e+00
40	0.025	0.	0.1	0.0000e+00
41	0.025	0.025	0.	2.9239e+07
42	0.025	0.025	0.025	2.9062e+07
43	0.025	0.025	0.05	2.9330e+07
44	0.025	0.025	0.075	2.9504e+07
45	0.025	0.025	0.1	2.9236e+07
46	0.025	0.05	0.	5.8431e+07
47	0.025	0.05	0.025	5.8109e+07
48	0.025	0.05	0.05	5.8420e+07
49	0.025	0.05	0.075	5.7941e+07
50	0.025	0.05	0.1	5.8180e+07
51	0.05	-0.05	0.	-5.7078e+07
52	0.05	-0.05	0.025	-5.7451e+07
53	0.05	-0.05	0.05	-5.7961e+07
54	0.05	-0.05	0.075	-5.6799e+07
55	0.05	-0.05	0.1	-5.7491e+07
56	0.05	-0.025	0.	-2.8542e+07
57	0.05	-0.025	0.025	-2.8474e+07
58	0.05	-0.025	0.05	-2.8574e+07
59	0.05	-0.025	0.075	-2.8511e+07
60	0.05	-0.025	0.1	-2.8519e+07
61	0.05	0.	0.	0.0000e+00
62	0.05	0.	0.025	0.0000e+00
63	0.05	0.	0.05	0.0000e+00
64	0.05	0.	0.075	0.0000e+00
65	0.05	0.	0.1	0.0000e+00
66	0.05	0.025	0.	2.8398e+07
67	0.05	0.025	0.025	2.8501e+07
68	0.05	0.025	0.05	2.8636e+07
69	0.05	0.025	0.075	2.8531e+07
70	0.05	0.025	0.1	2.8388e+07
71	0.05	0.05	0.	5.7419e+07
72	0.05	0.05	0.025	5.7540e+07
73	0.05	0.05	0.05	5.7169e+07
74	0.05	0.05	0.075	5.7333e+07
75	0.05	0.05	0.1	5.7425e+07
76	0.075	-0.05	0.	-5.5876e+07
77	0.075	-0.05	0.025	-5.5704e+07
78	0.075	-0.05	0.05	-5.5699e+07
79	0.075	-0.05	0.075	-5.5673e+07
80	0.075	-0.05	0.1	-5.5135e+07
81	0.075	-0.025	0.	-2.7867e+07
82	0.075	-0.025	0.025	-2.7524e+07
83	0.075	-0.025	0.05	-2.7618e+07
84	0.075	-0.025	0.075	-2.7967e+07
85	0.075	-0.025	0.1	-2.7890e+07
86	0.075	0.	0.	0.0000e+00
87	0.075	0.	0.025	0.0000e+00
88	0.075	0.	0.05	0.0000e+00
89	0.075	0.	0.075	0.0000e+00
90	0.075	0.	0.1	0.0000e+00
91	0.075	0.025	0.	2.7763e+07
92	0.075	0.025	0.025	2.7939e+07
93	0.075	0.025	0.05	2.7690e+07
94	0.075	0.025	0.075	2.7809e+07
95	0.075	0.025	0.1	2.7585e+07
96	0.075	0.05	0.	5.5650e+07
97	0.075	0.05	0.025	5.5501e+07
98	0.075	0.05	0.05	5.5250e+07
99	0.075	0.05	0.075	5.5421e+07
100	0.075	0.05	0.1	5.5439e+07
101	0.1	-0.05	0.	-5.3912e+07
102	0.1	-0.05	0.025	-5.4574e+07
103	0.1	-0.05	0.05	-5.3968e+07
104	0.1	-0.05	0.075	-5.3921e+07
105	0.1	-0.05	0.1	-5.3320e+07
106	0.1	-0.025	0.	-2.6855e+07
107	0.1	-0.025	0.025	-2.6957e+07
108	0.1	-0.025	0.05	-2.6889e+07
109	0.1	-0.025	0.075	-2.7224e+07
110	0.1	-0.025	0.1	-2.6973e+07
111	0.1	0.	0.	0.0000e+00
112	0.1	0.	0.025	0.0000e+00
113	0.1	0.	0.05	0.0000e+00
114	0.1	0.	0.075	0.0000e+00
115	0.1	0.	0.1	0.0000e+00
116	0.1	0.025	0.	2.7278e+07
117	0.1	0.025	0.025	2.6624e+07
118	0.1	0.025	0.05	2.6676e+07
119	0.1	0.025	0.075	2.6912e+07
120	0.1	0.025	0.1	2.7002e+07
121	0.1	0.05	0.	5.4224e+07
122	0.1	0.05	0.025	5.4153e+07
123	0.1	0.05	0.05	5.3876e+07
124	0.1	0.05	0.075	5.4330e+07
125	0.1	0.05	0.1	5.4334e+07
126	0.125	-0.05	0.	-5.2558e+07
127	0.125	-0.05	0.025	-5.2803e+07
128	0.125	-0.05	0.05	-5.2586e+07
129	0.125	-0.05	0.075	-5.2323e+07
130	0.125	-0.05	0.1	-5.2720e+07
131	0.125	-0.025	0.	-2.6267e+07
132	0.125	-0.025	0.025	-2.6250e+07
133	0.125	-0.025	0.05	-2.6482e+07
134	0.125	-0.025	0.075	-2.5864e+07
135	0.125	-0.025	0.1	-2.6027e+07
136	0.125	0.	0.	0.0000e+00
137	0.125	0.	0.025	0.0000e+00
138	0.125	0.	0.05	0.0000e+00
139	0.125	0.	0.075	0.0000e+00
140	0.125	0.	0.1	0.0000e+00
141	0.125	0.025	0.	2.6114e+07
142	0.125	0.025	0.025	2.6637e+07
143	0.125	0.025	0.05	2.6534e+07
144	0.125	0.025	0.075	2.6185e+07
145	0.125	0.025	0.1	2.6193e+07
146	0.125	0.05	0.	5.2138e+07
147	0.125	0.05	0.025	5.1899e+07
148	0.125	0.05	0.05	5.2463e+07
149	0.125	0.05	0.075	5.2186e+07
150	0.125	0.05	0.1	5.2473e+07
151	0.15	-0.05	0.	-5.0510e+07
152	0.15	-0.05	0.025	-5.0767e+07
153	0.15	-0.05	0.05	-5.1045e+07
154	0.15	-0.05	0.075	-5.1112e+07
155	0.15	-0.05	0.1	-5.1128e+07
156	0.15	-0.025	0.	-2.5298e+07
157	0.15	-0.025	0.025	-2.5631e+07
158	0.15	-0.025	0.05	-2.5378e+07
159	0.15	-0.025	0.075	-2.5597e+07
160	0.15	-0.025	0.1	-2.5498e+07
161	0.15	0.	0.	0.0000e+00
162	0.15	0.	0.025	0.0000e+00
163	0.15	0.	0.05	0.0000e+00
164	0.15	0.	0.075	0.0000e+00
165	0.15	0.	0.1	0.0000e+00
166	0.15	0.025	0.	2.5734e+07
167	0.15	0.025	0.025	2.5654e+07
168	0.15	0.025	0.05	2.5461e+07
169	0.15	0.025	0.075	2.5615e+07
170	0.15	0.025	0.1	2.5796e+07
171	0.15	0.05	0.	5.1600e+07
172	0.15	0.05	0.025	5.0624e+07
173	0.15	0.05	0.05	5.0716e+07
174	0.15	0.05	0.075	5.1454e+07
175	0.15	0.05	0.1	5.0676e+07
176	0.175	-0.05	0.	-4.9107e+07
177	0.175	-0.05	0.025	-4.9356e+07
178	0.175	-0.05	0.05	-4.9625e+07
179	0.175	-0.05	0.075	-4.9470e+07
180	0.175	-0.05	0.1	-4.9307e+07
181	0.175	-0.025	0.	-2.4650e+07
182	0.175	-0.025	0.025	-2.4644e+07
183	0.175	-0.025	0.05	-2.4619e+07
184	0.175	-0.025	0.075	-2.5089e+07
185	0.175	-0.025	0.1	-2.4794e+07
186	0.175	0.	0.	0.0000e+00
187	0.175	0.	0.025	0.0000e+00
188	0.175	0.	0.05	0.0000e+00
189	0.175	0.	0.075	0.0000e+00
190	0.175	0.	0.1	0.0000e+00
191	0.175	0.025	0.	2.4545e+07
192	0.175	0.025	0.025	2.4481e+07
193	0.175	0.025	0.05	2.4416e+07
194	0.175	0.025	0.075	2.4572e+07
195	0.175	0.025	0.1	2.4947e+07
196	0.175	0.05	0.	4.9487e+07
197	0.175	0.05	0.025	4.9883e+07
198	0.175	0.05	0.05	4.9622e+07
199	0.175	0.05	0.075	4.9732e+07
200	0.175	0.05	0.1	4.9232e+07
201	0.2	-0.05	0.	-4.8151e+07
202	0.2	-0.05	0.025	-4.8210e+07
203	0.2	-0.05	0.05	-4.7834e+07
204	0.2	-0.05	0.075	-4.8161e+07
205	0.2	-0.05	0.1	-4.8163e+07
206	0.2	-0.025	0.	-2.3921e+07
207	0.2	-0.025	0.025	-2.3838e+07
208	0.2	-0.025	0.05	-2.3829e+07
209	0.2	-0.025	0.075	-2.4012e+07
210	0.2	-0.025	0.1	-2.4047e+07
211	0.2	0.	0.	0.0000e+00
212	0.2	0.	0.025	0.0000e+00
213	0.2	0.	0.05	0.0000e+00
214	0.2	0.	0.075	0.0000e+00
215	0.2	0.	0.1	0.0000e+00
216	0.2	0.025	0.	2.4184e+07
217	0.2	0.025	0.025	2.3856e+07
218	0.2	0.025	0.05	2.4242e+07
219	0.2	0.025	0.075	2.3924e+07
220	0.2	0.025	0.1	2.4150e+07
221	0.2	0.05	0.	4.8020e+07
222	0.2	0.05	0.025	4.7881e+07
223	0.2	0.05	0.05	4.7479e+07
224	0.2	0.05	0.075	4.7951e+07
225	0.2	0.05	0.1	4.7551e+07
226	0.225	-0.05	0.	-4.6770e+07
227	0.225	-0.05	0.025	-4.6923e+07
228	0.225	-0.05	0.05	-4.6278e+07
229	0.225	-0.05	0.075	-4.6584e+07
230	0.225	-0.05	0.1	-4.6298e+07
231	0.225	-0.025	0.	-2.3162e+07
232	0.225	-0.025	0.025	-2.3358e+07
233	0.225	-0.025	0.05	-2.3245e+07
234	0.225	-0.025	0.075	-2.3493e+07
235	0.225	-0.025	0.1	-2.3183e+07
236	0.225	0.	0.	0.0000e+00
237	0.225	0.	0.025	0.0000e+00
238	0.225	0.	0.05	0.0000e+00
239	0.225	0.	0.075	0.0000e+00
240	0.225	0.	0.1	0.0000e+00
241	0.225	0.025	0.	2.3234e+07
242	0.225	0.025	0.025	2.3133e+07
243	0.225	0.025	0.05	2.3342e+07
244	0.225	0.025	0.075	2.3341e+07
245	0.225	0.025	0.1	2.3333e+07
246	0.225	0.05	0.	4.6929e+07
247	0.225	0.05	0.025	4.6904e+07
248	0.225	0.05	0.05	4.6395e+07
249	0.225	0.05	0.075	4.6604e+07
250	0.225	0.05	0.1	4.6326e+07
251	0.25	-0.05	0.	-4.5006e+07
252	0.25	-0.05	0.025	-4.4838e+07
253	0.25	-0.05	0.05	-4.5437e+07
254	0.25	-0.05	0.075	-4.5098e+07
255	0.25	-0.05	0.1	-4.4941e+07
256	0.25	-0.025	0.	-2.2661e+07
257	0.25	-0.025	0.025	-2.2207e+07
258	0.25	-0.025	0.05	-2.2228e+07
259	0.25	-0.025	0.075	-2.2607e+07
260	0.25	-0.025	0.1	-2.2508e+07
261	0.25	0.	0.	0.0000e+00
262	0.25	0.	0.025	0.0000e+00
263	0.25	0.	0.05	0.0000e+00
264	0.25	0.	0.075	0.0000e+00
265	0.25	0.	0.1	0.0000e+00
266	0.25	0.025	0.	2.2523e+07
267	0.25	0.025	0.025	2.2441e+07
268	0.25	0.025	0.05	2.2447e+07
269	0.25	0.025	0.075	2.2213e+07
270	0.25	0.025	0.1	2.2535e+07
271	0.25	0.05	0.	4.5228e+07
272	0.25	0.05	0.025	4.4575e+07
273	0.25	0.05	0.05	4.4821e+07
274	0.25	0.05	0.075	4.4687e+07
275	0.25	0.05	0.1	4.4739e+07
276	0.275	-0.05	0.	-4.3514e+07
277	0.275	-0.05	0.025	-4.2956e+07
278	0.275	-0.05	0.05	-4.3660e+07
279	0.275	-0.05	0.075	-4.3697e+07
280	0.275	-0.05	0.1	-4.3434e+07
281	0.275	-0.025	0.	-2.1426e+07
282	0.275	-0.025	0.025	-2.1620e+07
283	0.275	-0.025	0.05	-2.1911e+07
284	0.275	-0.025	0.075	-2.1387e+07
285	0.275	-0.025	0.1	-2.1705e+07
286	0.275	0.	0.	0.0000e+00
287	0.275	0.	0.025	0.0000e+00
288	0.275	0.	0.05	0.0000e+00
289	0.275	0.	0.075	0.0000e+00
290	0.275	0.	0.1	0.0000e+00
291	0.275	0.025	0.	2.1990e+07
292	0.275	0.025	0.025	2.1724e+07
293	0.275	0.025	0.05	2.1799e+07
294	0.275	0.025	0.075	2.1556e+07
295	0.275	0.025	0.1	2.1905e+07
296	0.275	0.05	0.	4.3302e+07
297	0.275	0.05	0.025	4.3354e+07
298	0.275	0.05	0.05	4.3494e+07
299	0.275	0.05	0.075	4.3092e+07
300	0.275	0.05	0.1	4.3560e+07
301	0.3	-0.05	0.	-4.2244e+07
302	0.3	-0.05	0.025	-4.2074e+07
303	0.3	-0.05	0.05	-4.1600e+07
304	0.3	-0.05	0.075	-4.1969e+07
305	0.3	-0.05	0.1	-4.2187e+07
306	0.3	-0.025	0.	-2.0763e+07
307	0.3	-0.025	0.025	-2.0865e+07
308	0.3	-0.025	0.05	-2.1110e+07
309	0.3	-0.025	0.075	-2.1034e+07
310	0.3	-0.025	0.1	-2.1052e+07
311	0.3	0.	0.	0.0000e+00
312	0.3	0.	0.025	0.0000e+00
313	0.3	0.	0.05	0.0000e+00
314	0.3	0.	0.075	0.0000e+00
315	0.3	0.	0.1	0.0000e+00
316	0.3	0.025	0.	2.0899e+07
317	0.3	0.025	0.025	2.1054e+07
318	0.3	0.025	0.05	2.1055e+07
319	0.3	0.025	0.075	2.0934e+07
320	0.3	0.025	0.1	2.0870e+07
321	0.3	0.05	0.	4.2582e+07
322	0.3	0.05	0.025	4.2082e+07
323	0.3	0.05	0.05	4.1815e+07
324	0.3	0.05	0.075	4.2231e+07
325	0.3	0.05	0.1	4.1972e+07
326	0.325	-0.05	0.	-4.0439e+07
327	0.325	-0.05	0.025	-4.0637e+07
328	0.325	-0.05	0.05	-4.0186e+07
329	0.325	-0.05	0.075	-4.0586e+07
330	0.325	-0.05	0.1	-4.0965e+07
331	0.325	-0.025	0.	-2.0307e+07
332	0.325	-0.025	0.025	-2.0204e+07
333	0.325	-0.025	0.05	-2.0188e+07
334	0.325	-0.025	0.075	-2.0200e+07
335	0.325	-0.025	0.1	-2.0219e+07
336	0.325	0.	0.	0.0000e+00
337	0.325	0.	0.025	0.0000e+00
338	0.325	0.	0.05	0.0000e+00
339	0.325	0.	0.075	0.0000e+00
340	0.325	0.	0.1	0.0000e+00
341	0.325	0.025	0.	2.0296e+07
342	0.325	0.025	0.025	2.0113e+07
343	0.325	0.025	0.05	2.0411e+07
344	0.325	0.025	0.075	2.0401e+07
345	0.325	0.025	0.1	2.0367e+07
346	0.325	0.05	0.	4.0132e+07
347	0.325	0.05	0.025	4.0701e+07
348	0.325	0.05	0.05	4.0598e+07
349	0.325	0.05	0.075	4.0110e+07
350	0.325	0.05	0.1	4.0494e+07
351	0.35	-0.05	0.	-3.9085e+07
352	0.35	-0.05	0.025	-3.9130e+07
353	0.35	-0.05	0.05	-3.9041e+07
354	0.35	-0.05	0.075	-3.9068e+07
355	0.35	-0.05	0.1	-3.9345e+07
356	0.35	-0.025	0.	-1.9643e+07
357	0.35	-0.025	0.025	-1.9165e+07
358	0.35	-0.025	0.05	-1.9463e+07
359	0.35	-0.025	0.075	-1.9481e+07
360	0.35	-0.025	0.1	-1.9295e+07
361	0.35	0.	0.	0.0000e+00
362	0.35	0.	0.025	0.0000e+00
363	0.35	0.	0.05	0.0000e+00
364	0.35	0.	0.075	0.0000e+00
365	0.35	0.	0.1	0.0000e+00
366	0.35	0.025	0.	1.9421e+07
367	0.35	0.025	0.025	1.9673e+07
368	0.35	0.025	0.05	1.9437e+07
369	0.35	0.025	0.075	1.9554e+07
370	0.35	0.025	0.1	1.9281e+07
371	0.35	0.05	0.	3.9436e+07
372	0.35	0.05	0.025	3.9141e+07
373	0.35	0.05	0.05	3.8957e+07
374	0.35	0.05	0.075	3.9135e+07
375	0.35	0.05	0.1	3.8670e+07
376	0.375	-0.05	0.	-3.7766e+07
377	0.375	-0.05	0.025	-3.7427e+07
378	0.375	-0.05	0.05	-3.7454e+07
379	0.375	-0.05	0.075	-3.7389e+07
380	0.375	-0.05	0.1	-3.7369e+07
381	0.375	-0.025	0.	-1.8828e+07
382	0.375	-0.025	0.025	-1.8779e+07
383	0.375	-0.025	0.05	-1.8823e+07
384	0.375	-0.025	0.075	-1.8749e+07
385	0.375	-0.025	0.1	-1.8808e+07
386	0.375	0.	0.	0.0000e+00
387	0.375	0.	0.025	0.0000e+00
388	0.375	0.	0.05	0.0000e+00
389	0.375	0.	0.075	0.0000e+00
390	0.375	0.	0.1	0.0000e+00
391	0.375	0.025	0.	1.8654e+07
392	0.375	0.025	0.025	1.9001e+07
393	0.375	0.025	0.05	1.8862e+07
394	0.375	0.025	0.075	1.8859e+07
395	0.375	0.025	0.1	1.8753e+07
396	0.375	0.05	0.	3.7451e+07
397	0.375	0.05	0.025	3.7453e+07
398	0.375	0.05	0.05	3.7588e+07
399	0.375	0.05	0.075	3.7815e+07
400	0.375	0.05	0.1	3.7541e+07
401	0.4	-0.05	0.	-3.5803e+07
402	0.4	-0.05	0.025	-3.6178e+07
403	0.4	-0.05	0.05	-3.6199e+07
404	0.4	-0.05	0.075	-3.6141e+07
405	0.4	-0.05	0.1	-3.6161e+07
406	0.4	-0.025	0.	-1.7971e+07
407	0.4	-0.025	0.025	-1.7900e+07
408	0.4	-0.025	0.05	-1.7906e+07
409	0.4	-0.025	0.075	-1.7823e+07
410	0.4	-0.025	0.1	-1.8026e+07
411	0.4	0.	0.	0.0000e+00
412	0.4	0.	0.025	0.0000e+00
413	0.4	0.	0.05	0.0000e+00
414	0.4	0.	0.075	0.0000e+00
415	0.4	0.	0.1	0.0000e+00
416	0.4	0.025	0.	1.7928e+07
417	0.4	0.025	0.025	1.8039e+07
418	0.4	0.025	0.05	1.7850e+07
419	0.4	0.025	0.075	1.8155e+07
420	0.4	0.025	0.1	1.7984e+07
421	0.4	0.05	0.	3.6063e+07
422	0.4	0.05	0.025	3.6502e+07
423	0.4	0.05	0.05	3.6328e+07
424	0.4	0.05	0.075	3.5934e+07
425	0.4	0.05	0.1	3.5872e+07
426	0.425	-0.05	0.	-3.4433e+07
427	0.425	-0.05	0.025	-3.4606e+07
428	0.425	-0.05	0.05	-3.4478e+07
429	0.425	-0.05	0.075	-3.4418e+07
430	0.425	-0.05	0.1	-3.4804e+07
431	0.425	-0.025	0.	-1.7238e+07
432	0.425	-0.025	0.025	-1.7488e+07
433	0.425	-0.025	0.05	-1.7259e+07
434	0.425	-0.025	0.075	-1.7435e+07
435	0.425	-0.025	0.1	-1.7287e+07
436	0.425	0.	0.	0.0000e+00
437	0.425	0.	0.025	0.0000e+00
438	0.425	0.	0.05	0.0000e+00
439	0.425	0.	0.075	0.0000e+00
440	0.425	0.	0.1	0.0000e+00
441	0.425	0.025	0.	1.7254e+07
442	0.425	0.025	0.025	1.7117e+07
443	0.425	0.025	0.05	1.7109e+07
444	0.425	0.025	0.075	1.7102e+07
445	0.425	0.025	0.1	1.7067e+07
446	0.425	0.05	0.	3.4523e+07
447	0.425	0.05	0.025	3.4733e+07
448	0.425	0.05	0.05	3.4497e+07
449	0.425	0.05	0.075	3.4032e+07
450	0.425	0.05	0.1	3.4461e+07
451	0.45	-0.05	0.	-3.2968e+07
452	0.45	-0.05	0.025	-3.3415e+07
453	0.45	-0.05	0.05	-3.2711e+07
454	0.45	-0.05	0.075	-3.2923e+07
455	0.45	-0.05	0.1	-3.3338e+07
456	0.45	-0.025	0.	-1.6545e+07
457	0.45	-0.025	0.025	-1.6556e+07
458	0.45	-0.025	0.05	-1.6511e+07
459	0.45	-0.025	0.075	-1.6533e+07
460	0.45	-0.025	0.1	-1.6577e+07
461	0.45	0.	0.	0.0000e+00
462	0.45	0.	0.025	0.0000e+00
463	0.45	0.	0.05	0.0000e+00
464	0.45	0.	0.075	0.0000e+00
465	0.45	0.	0.1	0.0000e+00
466	0.45	0.025	0.	1.6439e+07
467	0.45	0.025	0.025	1.6498e+07
468	0.45	0.025	0.05	1.6438e+07
469	0.45	0.025	0.075	1.6394e+07
470	0.45	0.025	0.1	1.6465e+07
471	0.45	0.05	0.	3.2781e+07
472	0.45	0.05	0.025	3.3064e+07
473	0.45	0.05	0.05	3.2772e+07
474	0.45	0.05	0.075	3.3141e+07
475	0.45	0.05	0.1	3.2766e+07
476	0.475	-0.05	0.	-3.1393e+07
477	0.475	-0.05	0.025	-3.1382e+07
478	0.475	-0.05	0.05	-3.1750e+07
479	0.475	-0.05	0.075	-3.1562e+07
480	0.475	-0.05	0.1	-3.1460e+07
481	0.475	-0.025	0.	-1.5797e+07
482	0.475	-0.025	0.025	-1.5551e+07
483	0.475	-0.025	0.05	-1.5746e+07
484	0.475	-0.025	0.075	-1.5939e+07
485	0.475	-0.025	0.1	-1.5763e+07
486	0.475	0.	0.	0.0000e+00
487	0.475	0.	0.025	0.0000e+00
488	0.475	0.	0.05	0.0000e+00
489	0.475	0.	0.075	0.0000e+00
490	0.475	0.	0.1	0.0000e+00
491	0.475	0.025	0.	1.5770e+07
492	0.475	0.025	0.025	1.5682e+07
493	0.475	0.025	0.05	1.5874e+07
494	0.475	0.025	0.075	1.5720e+07
495	0.475	0.025	0.1	1.5567e+07
496	0.475	0.05	0.	3.1260e+07
497	0.475	0.05	0.025	3.0980e+07
498	0.475	0.05	0.05	3.1456e+07
499	0.475	0.05	0.075	3.1464e+07
500	0.475	0.05	0.1	3.1420e+07
501	0.5	-0.05	0.	-3.0194e+07
502	0.5	-0.05	0.025	-3.0216e+07
503	0.5	-0.05	0.05	-2.9969e+07
504	0.5	-0.05	0.075	-2.9616e+07
505	0.5	-0.05	0.1	-3.0111e+07
506	0.5	-0.025	0.	-1.5050e+07
507	0.5	-0.025	0.025	-1.5028e+07
508	0.5	-0.025	0.05	-1.5088e+07
509	0.5	-0.025	0.075	-1.4895e+07
510	0.5	-0.025	0.1	-1.5181e+07
511	0.5	0.	0.	0.0000e+00
512	0.5	0.	0.025	0.0000e+00
513	0.5	0.	0.05	0.0000e+00
514	0.5	0.	0.075	0.0000e+00
515	0.5	0.	0.1	0.0000e+00
516	0.5	0.025	0.	1.4977e+07
517	0.5	0.025	0.025	1.5076e+07
518	0.5	0.025	0.05	1.5021e+07
519	0.5	0.025	0.075	1.4991e+07
520	0.5	0.025	0.1	1.5123e+07
521	0.5	0.05	0.	2.9957e+07
522	0.5	0.05	0.025	2.9679e+07
523	0.5	0.05	0.05	2.9855e+07
524	0.5	0.05	0.075	3.0099e+07
525	0.5	0.05	0.1	3.0071e+07
526	0.525	-0.05	0.	-2.8232e+07
527	0.525	-0.05	0.025	-2.8376e+07
528	0.525	-0.05	0.05	-2.8401e+07
529	0.525	-0.05	0.075	-2.8438e+07
530	0.525	-0.05	0.1	-2.8265e+07
531	0.525	-0.025	0.	-1.4196e+07
532	0.525	-0.025	0.025	-1.4188e+07
533	0.525	-0.025	0.05	-1.4316e+07
534	0.525	-0.025	0.075	-1.4319e+07
535	0.525	-0.025	0.1	-1.4238e+07
536	0.525	0.	0.	0.0000e+00
537	0.525	0.	0.025	0.0000e+00
538	0.525	0.	0.05	0.0000e+00
539	0.525	0.	0.075	0.0000e+00
540	0.525	0.	0.1	0.0000e+00
541	0.525	0.025	0.	1.4196e+07
542	0.525	0.025	0.025	1.4151e+07
543	0.525	0.025	0.05	1.4264e+07
544	0.525	0.025	0.075	1.4312e+07
545	0.525	0.025	0.1	1.4114e+07
546	0.525	0.05	0.	2.8504e+07
547	0.525	0.05	0.025	2.8462e+07
548	0.525	0.05	0.05	2.8558e+07
549	0.525	0.05	0.075	2.8498e+07
550	0.525	0.05	0.1	2.8251e+07
551	0.55	-0.05	0.	-2.6795e+07
552	0.55	-0.05	0.025	-2.7005e+07
553	0.55	-0.05	0.05	-2.7167e+07
554	0.55	-0.05	0.075	-2.6641e+07
555	0.55	-0.05	0.1	-2.7056e+07
556	0.55	-0.025	0.	-1.3596e+07
557	0.55	-0.025	0.025	-1.3488e+07
558	0.55	-0.025	0.05	-1.3545e+07
559	0.55	-0.025	0.075	-1.3443e+07
560	0.55	-0.025	0.1	-1.3490e+07
561	0.55	0.	0.	0.0000e+00
562	0.55	0.	0.025	0.0000e+00
563	0.55	0.	0.05	0.0000e+00
564	0.55	0.	0.075	0.0000e+00
565	0.55	0.	0.1	0.0000e+00
566	0.55	0.025	0.	1.3388e+07
567	0.55	0.025	0.025	1.3386e+07
568	0.55	0.025	0.05	1.3486e+07
569	0.55	0.025	0.075	1.3441e+07
570	0.55	0.025	0.1	1.3531e+07
571	0.55	0.05	0.	2.7073e+07
572	0.55	0.05	0.025	2.7052e+07
573	0.55	0.05	0.05	2.7039e+07
574	0.55	0.05	0.075	2.7256e+07
575	0.55	0.05	0.1	2.6827e+07
576	0.575	-0.05	0.	-2.5492e+07
577	0.575	-0.05	0.025	-2.5673e+07
578	0.575	-0.05	0.05	-2.5693e+07
579	0.575	-0.05	0.075	-2.5282e+07
580	0.575	-0.05	0.1	-2.5452e+07
581	0.575	-0.025	0.	-1.2854e+07
582	0.575	-0.025	0.025	-1.2789e+07
583	0.575	-0.025	0.05	-1.2765e+07
584	0.575	-0.025	0.075	-1.2733e+07
585	0.575	-0.025	0.1	-1.2721e+07
586	0.575	0.	0.	0.0000e+00
587	0.575	0.	0.025	0.0000e+00
588	0.575	0.	0.05	0.0000e+00
589	0.575	0.	0.075	0.0000e+00
590	0.575	0.	0.1	0.0000e+00
591	0.575	0.025	0.	1.2791e+07
592	0.575	0.025	0.025	1.2973e+07
593	0.575	0.025	0.05	1.2614e+07
594	0.575	0.025	0.075	1.2775e+07
595	0.575	0.025	0.1	1.2692e+07
596	0.575	0.05	0.	2.5588e+07
597	0.575	0.05	0.025	2.5507e+07
598	0.575	0.05	0.05	2.5617e+07
599	0.575	0.05	0.075	2.5680e+07
600	0.575	0.05	0.1	2.5529e+07
601	0.6	-0.05	0.	-2.4163e+07
602	0.6	-0.05	0.025	-2.3662e+07
603	0.6	-0.05	0.05	-2.4229e+07
604	0.6	-0.05	0.075	-2.4054e+07
605	0.6	-0.05	0.1	-2.4155e+07
606	0.6	-0.025	0.	-1.1912e+07
607	0.6	-0.025	0.025	-1.1940e+07
608	0.6	-0.025	0.05	-1.2011e+07
609	0.6	-0.025	0.075	-1.1999e+07
610	0.6	-0.025	0.1	-1.2020e+07
611	0.6	0.	0.	0.0000e+00
612	0.6	0.	0.025	0.0000e+00
613	0.6	0.	0.05	0.0000e+00
614	0.6	0.	0.075	0.0000e+00
615	0.6	0.	0.1	0.0000e+00
616	0.6	0.025	0.	1.1894e+07
617	0.6	0.025	0.025	1.2036e+07
618	0.6	0.025	0.05	1.1826e+07
619	0.6	0.025	0.075	1.2047e+07
620	0.6	0.025	0.1	1.1893e+07
621	0.6	0.05	0.	2.4008e+07
622	0.6	0.05	0.025	2.3983e+07
623	0.6	0.05	0.05	2.4168e+07
624	0.6	0.05	0.075	2.3974e+07
625	0.6	0.05	0.1	2.3900e+07
626	0.625	-0.05	0.	-2.2432e+07
627	0.625	-0.05	0.025	-2.2672e+07
628	0.625	-0.05	0.05	-2.2572e+07
629	0.625	-0.05	0.075	-2.2448e+07
630	0.625	-0.05	0.1	-2.2468e+07
631	0.625	-0.025	0.	-1.1144e+07
632	0.625	-0.025	0.025	-1.1276e+07
633	0.625	-0.025	0.05	-1.1131e+07
634	0.625	-0.025	0.075	-1.1301e+07
635	0.625	-0.025	0.1	-1.1259e+07
636	0.625	0.	0.	0.0000e+00
637	0.625	0.	0.025	0.0000e+00
638	0.625	0.	0.05	0.0000e+00
639	0.625	0.	0.075	0.0000e+00
640	0.625	0.	0.1	0.0000e+00
641	0.625	0.025	0.	1.1203e+07
642	0.625	0.025	0.025	1.1265e+07
643	0.625	0.025	0.05	1.1250e+07
644	0.625	0.025	0.075	1.1269e+07
645	0.625	0.025	0.1	1.1203e+07
646	0.625	0.05	0.	2.2488e+07
647	0.625	0.05	0.025	2.2284e+07
648	0.625	0.05	0.05	2.2518e+07
649	0.625	0.05	0.075	2.2561e+07
650	0.625	0.05	0.1	2.2469e+07
651	0.65	-0.05	0.	-2.0797e+07
652	0.65	-0.05	0.025	-2.1125e+07
653	0.65	-0.05	0.05	-2.1046e+07
654	0.65	-0.05	0.075	-2.0909e+07
655	0.65	-0.05	0.1	-2.0965e+07
656	0.65	-0.025	0.	-1.0405e+07
657	0.65	-0.025	0.025	-1.0435e+07
658	0.65	-0.025	0.05	-1.0466e+07
659	0.65	-0.025	0.075	-1.0577e+07
660	0.65	-0.025	0.1	-1.0460e+07
661	0.65	0.	0.	0.0000e+00
662	0.65	0.	0.025	0.0000e+00
663	0.65	0.	0.05	0.0000e+00
664	0.65	0.	0.075	0.0000e+00
665	0.65	0.	0.1	0.0000e+00
666	0.65	0.025	0.	1.0466e+07
667	0.65	0.025	0.025	1.0401e+07
668	0.65	0.025	0.05	1.0413e+07
669	0.65	0.025	0.075	1.0466e+07
670	0.65	0.025	0.1	1.0421e+07
671	0.65	0.05	0.	2.1052e+07
672	0.65	0.05	0.025	2.0941e+07
673	0.65	0.05	0.05	2.1299e+07
674	0.65	0.05	0.075	2.0781e+07
675	0.65	0.05	0.1	2.1026e+07
676	0.675	-0.05	0.	-1.9368e+07
677	0.675	-0.05	0.025	-1.9442e+07
678	0.675	-0.05	0.05	-1.9517e+07
679	0.675	-0.05	0.075	-1.9228e+07
680	0.675	-0.05	0.1	-1.9528e+07
681	0.675	-0.025	0.	-9.8613e+06
682	0.675	-0.025	0.025	-9.7235e+06
683	0.675	-0.025	0.05	-9.7652e+06
684	0.675	-0.025	0.075	-9.8100e+06
685	0.675	-0.025	0.1	-9.7404e+06
686	0.675	0.	0.	0.0000e+00
687	0.675	0.	0.025	0.0000e+00
688	0.675	0.	0.05	0.0000e+00
689	0.675	0.	0.075	0.0000e+00
690	0.675	0.	0.1	0.0000e+00
691	0.675	0.025	0.	9.7574e+06
692	0.675	0.025	0.025	9.7159e+06
693	0.675	0.025	0.05	9.7191e+06
694	0.675	0.025	0.075	9.7855e+06
695	0.675	0.025	0.1	9.6717e+06
696	0.675	0.05	0.	1.9623e+07
697	0.675	0.05	0.025	1.9336e+07
698	0.675	0.05	0.05	1.9422e+07
699	0.675	0.05	0.075	1.9725e+07
700	0.675	0.05	0.1	1.9632e+07
701	0.7	-0.05	0.	-1.8011e+07
702	0.7	-0.05	0.025	-1.7898e+07
703	0.7	-0.05	0.05	-1.7943e+07
704	0.7	-0.05	0.075	-1.8008e+07
705	0.7	-0.05	0.1	-1.8004e+07
706	0.7	-0.025	0.	-8.9951e+06
707	0.7	-0.025	0.025	-8.9983e+06
708	0.7	-0.025	0.05	-8.9884e+06
709	0.7	-0.025	0.075	-8.9221e+06
710	0.7	-0.025	0.1	-8.9721e+06
711	0.7	0.	0.	0.0000e+00
712	0.7	0.	0.025	0.0000e+00
713	0.7	0.	0.05	0.0000e+00
714	0.7	0.	0.075	0.0000e+00
715	0.7	0.	0.1	0.0000e+00
716	0.7	0.025	0.	8.9790e+06
717	0.7	0.025	0.025	9.0798e+06
718	0.7	0.025	0.05	9.0274e+06
719	0.7	0.025	0.075	8.9292e+06
720	0.7	0.025	0.1	9.0362e+06
721	0.7	0.05	0.	1.7916e+07
722	0.7	0.05	0.025	1.7938e+07
723	0.7	0.05	0.05	1.8034e+07
724	0.7	0.05	0.075	1.7947e+07
725	0.7	0.05	0.1	1.8096e+07
726	0.725	-0.05	0.	-1.6423e+07
727	0.725	-0.05	0.025	-1.6439e+07
728	0.725	-0.05	0.05	-1.6435e+07
729	0.725	-0.05	0.075	-1.6444e+07
730	0.725	-0.05	0.1	-1.6609e+07
731	0.725	-0.025	0.	-8.2811e+06
732	0.725	-0.025	0.025	-8.3346e+06
733	0.725	-0.025	0.05	-8.3622e+06
734	0.725	-0.025	0.075	-8.1990e+06
735	0.725	-0.025	0.1	-8.2535e+06
736	0.725	0.	0.	0.0000e+00
737	0.725	0.	0.025	0.0000e+00
738	0.725	0.	0.05	0.0000e+00
739	0.725	0.	0.075	0.0000e+00
740	0.725	0.	0.1	0.0000e+00
741	0.725	0.025	0.	8.2429e+06
742	0.725	0.025	0.025	8.1898e+06
743	0.725	0.025	0.05	8.2917e+06
744	0.725	0.025	0.075	8.2046e+06
745	0.725	0.025	0.1	8.3891e+06
746	0.725	0.05	0.	1.6455e+07
747	0.725	0.05	0.025	1.6507e+07
748	0.725	0.05	0.05	1.6372e+07
749	0.725	0.05	0.075	1.6669e+07
750	0.725	0.05	0.1	1.6611e+07
751	0.75	-0.05	0.	-1.5027e+07
752	0.75	-0.05	0.025	-1.4879e+07
753	0.75	-0.05	0.05	-1.5019e+07
754	0.75	-0.05	0.075	-1.4899e+07
755	0.75	-0.05	0.1	-1.5132e+07
756	0.75	-0.025	0.	-7.5364e+06
757	0.75	-0.025	0.025	-7.5043e+06
758	0.75	-0.025	0.05	-7.3904e+06
759	0.75	-0.025	0.075	-7.4557e+06
760	0.75	-0.025	0.1	-7.5309e+06
761	0.75	0.	0.	0.0000e+00
762	0.75	0.	0.025	0.0000e+00
763	0.75	0.	0.05	0.0000e+00
764	0.75	0.	0.075	0.0000e+00
765	0.75	0.	0.1	0.0000e+00
766	0.75	0.025	0.	7.4254e+06
767	0.75	0.025	0.025	7.4996e+06
768	0.75	0.025	0.05	7.5123e+06
769	0.75	0.025	0.075	7.4865e+06
770	0.75	0.025	0.1	7.4167e+06
771	0.75	0.05	0.	1.4971e+07
772	0.75	0.05	0.025	1.4971e+07
773	0.75	0.05	0.05	1.4987e+07
774	0.75	0.05	0.075	1.4949e+07
775	0.75	0.05	0.1	1.4960e+07
776	0.775	-0.05	0.	-1.3497e+07
777	0.775	-0.05	0.025	-1.3536e+07
778	0.775	-0.05	0.05	-1.3475e+07
779	0.775	-0.05	0.075	-1.3467e+07
780	0.775	-0.05	0.1	-1.3507e+07
781	0.775	-0.025	0.	-6.6722e+06
782	0.775	-0.025	0.025	-6.7693e+06
783	0.775	-0.025	0.05	-6.7500e+06
784	0.775	-0.025	0.075	-6.7516e+06
785	0.775	-0.025	0.1	-6.7889e+06
786	0.775	0.	0.	0.0000e+00
787	0.775	0.	0.025	0.0000e+00
788	0.775	0.	0.05	0.0000e+00
789	0.775	0.	0.075	0.0000e+00
790	0.775	0.	0.1	0.0000e+00
791	0.775	0.025	0.	6.7313e+06
792	0.775	0.025	0.025	6.7769e+06
793	0.775	0.025	0.05	6.7878e+06
794	0.775	0.025	0.075	6.7696e+06
795	0.775	0.025	0.1	6.7394e+06
796	0.775	0.05	0.	1.3329e+07
797	0.775	0.05	0.025	1.3562e+07
798	0.775	0.05	0.05	1.3599e+07
799	0.775	0.05	0.075	1.3552e+07
800	0.775	0.05	0.1	1.3429e+07
801	0.8	-0.05	0.	-1.2049e+07
802	0.8	-0.05	0.025	-1.2062e+07
803	0.8	-0.05	0.05	-1.2112e+07
804	0.8	-0.05	0.075	-1.1937e+07
805	0.8	-0.05	0.1	-1.1984e+07
806	0.8	-0.025	0.	-6.0269e+06
807	0.8	-0.025	0.025	-6.0021e+06
808	0.8	-0.025	0.05	-5.9598e+06
809	0.8	-0.025	0.075	-6.0149e+06
810	0.8	-0.025	0.1	-6.0208e+06
811	0.8	0.	0.	0.0000e+00
812	0.8	0.	0.025	0.0000e+00
813	0.8	0.	0.05	0.0000e+00
814	0.8	0.	0.075	0.0000e+00
815	0.8	0.	0.1	0.0000e+00
816	0.8	0.025	0.	5.9789e+06
817	0.8	0.025	0.025	6.0004e+06
818	0.8	0.025	0.05	6.0316e+06
819	0.8	0.025	0.075	5.9461e+06
820	0.8	0.025	0.1	5.9528e+06
821	0.8	0.05	0.	1.1853e+07
822	0.8	0.05	0.025	1.2002e+07
823	0.8	0.05	0.05	1.1919e+07
824	0.8	0.05	0.075	1.1972e+07
825	0.8	0.05	0.1	1.2048e+07
826	0.825	-0.05	0.	-1.0460e+07
827	0.825	-0.05	0.025	-1.0515e+07
828	0.825	-0.05	0.05	-1.0481e+07
829	0.825	-0.05	0.075	-1.0542e+07
830	0.825	-0.05	0.1	-1.0530e+07
831	0.825	-0.025	0.	-5.2282e+06
832	0.825	-0.025	0.025	-5.2447e+06
833	0.825	-0.025	0.05	-5.2829e+06
834	0.825	-0.025	0.075	-5.2624e+06
835	0.825	-0.025	0.1	-5.2060e+06
836	0.825	0.	0.	0.0000e+00
837	0.825	0.	0.025	0.0000e+00
838	0.825	0.	0.05	0.0000e+00
839	0.825	0.	0.075	0.0000e+00
840	0.825	0.	0.1	0.0000e+00
841	0.825	0.025	0.	5.2550e+06
842	0.825	0.025	0.025	5.2434e+06
843	0.825	0.025	0.05	5.2714e+06
844	0.825	0.025	0.075	5.2383e+06
845	0.825	0.025	0.1	5.2574e+06
846	0.825	0.05	0.	1.0555e+07
847	0.825	0.05	0.025	1.0465e+07
848	0.825	0.05	0.05	1.0461e+07
849	0.825	0.05	0.075	1.0425e+07
850	0.825	0.05	0.1	1.0433e+07
851	0.85	-0.05	0.	-8.9013e+06
852	0.85	-0.05	0.025	-9.0394e+06
853	0.85	-0.05	0.05	-9.0977e+06
854	0.85	-0.05	0.075	-9.0770e+06
855	0.85	-0.05	0.1	-8.9122e+06
856	0.85	-0.025	0.	-4.5196e+06
857	0.85	-0.025	0.025	-4.5384e+06
858	0.85	-0.025	0.05	-4.4877e+06
859	0.85	-0.025	0.075	-4.5027e+06
860	0.85	-0.025	0.1	-4.4458e+06
861	0.85	0.	0.	0.0000e+00
862	0.85	0.	0.025	0.0000e+00
863	0.85	0.	0.05	0.0000e+00
864	0.85	0.	0.075	0.0000e+00
865	0.85	0.	0.1	0.0000e+00
866	0.85	0.025	0.	4.5277e+06
867	0.85	0.025	0.025	4.4789e+06
868	0.85	0.025	0.05	4.4693e+06
869	0.85	0.025	0.075	4.4418e+06
870	0.85	0.025	0.1	4.4928e+06
871	0.85	0.05	0.	8.9686e+06
872	0.85	0.05	0.025	8.9162e+06
873	0.85	0.05	0.05	9.0245e+06
874	0.85	0.05	0.075	8.9757e+06
875	0.85	0.05	0.1	8.9419e+06
876	0.875	-0.05	0.	-7.4750e+06
877	0.875	-0.05	0.025	-7.5482e+06
878	0.875	-0.05	0.05	-7.5271e+06
879	0.875	-0.05	0.075	-7.4941e+06
880	0.875	-0.05	0.1	-7.5279e+06
881	0.875	-0.025	0.	-3.7239e+06
882	0.875	-0.025	0.025	-3.7507e+06
883	0.875	-0.025	0.05	-3.7533e+06
884	0.875	-0.025	0.075	-3.7394e+06
885	0.875	-0.025	0.1	-3.7598e+06
886	0.875	0.	0.	0.0000e+00
887	0.875	0.	0.025	0.0000e+00
888	0.875	0.	0.05	0.0000e+00
889	0.875	0.	0.075	0.0000e+00
890	0.875	0.	0.1	0.0000e+00
891	0.875	0.025	0.	3.6814e+06
892	0.875	0.025	0.025	3.7361e+06
893	0.875	0.025	0.05	3.7731e+06
894	0.875	0.025	0.075	3.7429e+06
895	0.875	0.025	0.1	3.7170e+06
896	0.875	0.05	0.	7.4508e+06
897	0.875	0.05	0.025	7.5462e+06
898	0.875	0.05	0.05	7.4135e+06
899	0.875	0.05	0.075	7.5508e+06
900	0.875	0.05	0.1	7.4975e+06
901	0.9	-0.05	0.	-5.9571e+06
902	0.9	-0.05	0.025	-5.9790e+06
903	0.9	-0.05	0.05	-5.9634e+06
904	0.9	-0.05	0.075	-6.0312e+06
905	0.9	-0.05	0.1	-6.0264e+06
906	0.9	-0.025	0.	-2.9691e+06
907	0.9	-0.025	0.025	-2.9927e+06
908	0.9	-0.025	0.05	-2.9845e+06
909	0.9	-0.025	0.075	-3.0233e+06
910	0.9	-0.025	0.1	-2.9757e+06
911	0.9	0.	0.	0.0000e+00
912	0.9	0.	0.025	0.0000e+00
913	0.9	0.	0.05	0.0000e+00
914	0.9	0.	0.075	0.0000e+00
915	0.9	0.	0.1	0.0000e+00
916	0.9	0.025	0.	2.9771e+06
917	0.9	0.025	0.025	3.0017e+06
918	0.9	0.025	0.05	2.9779e+06
919	0.9	0.025	0.075	2.9608e+06
920	0.9	0.025	0.1	2.9932e+06
921	0.9	0.05	0.	5.9351e+06
922	0.9	0.05	0.025	5.9729e+06
923	0.9	0.05	0.05	5.9673e+06
924	0.9	0.05	0.075	5.9686e+06
925	0.9	0.05	0.1	6.0720e+06
926	0.925	-0.05	0.	-4.5015e+06
927	0.925	-0.05	0.025	-4.5066e+06
928	0.925	-0.05	0.05	-4.4520e+06
929	0.925	-0.05	0.075	-4.4823e+06
930	0.925	-0.05	0.1	-4.5058e+06
931	0.925	-0.025	0.	-2.2362e+06
932	0.925	-0.025	0.025	-2.2623e+06
933	0.925	-0.025	0.05	-2.2338e+06
934	0.925	-0.025	0.075	-2.2461e+06
935	0.925	-0.025	0.1	-2.2421e+06
936	0.925	0.	0.	0.0000e+00
937	0.925	0.	0.025	0.0000e+00
938	0.925	0.	0.05	0.0000e+00
939	0.925	0.	0.075	0.0000e+00
940	0.925	0.	0.1	0.0000e+00
941	0.925	0.025	0.	2.2565e+06
942	0.925	0.025	0.025	2.2532e+06
943	0.925	0.025	0.05	2.2488e+06
944	0.925	0.025	0.075	2.2442e+06
945	0.925	0.025	0.1	2.2608e+06
946	0.925	0.05	0.	4.4936e+06
947	0.925	0.05	0.025	4.4917e+06
948	0.925	0.05	0.05	4.5028e+06
949	0.925	0.05	0.075	4.5458e+06
950	0.925	0.05	0.1	4.4638e+06
951	0.95	-0.05	0.	-3.0139e+06
952	0.95	-0.05	0.025	-2.9659e+06
953	0.95	-0.05	0.05	-3.0039e+06
954	0.95	-0.05	0.075	-3.0284e+06
955	0.95	-0.05	0.1	-3.0088e+06
956	0.95	-0.025	0.	-1.5015e+06
957	0.95	-0.025	0.025	-1.4950e+06
958	0.95	-0.025	0.05	-1.5003e+06
959	0.95	-0.025	0.075	-1.4977e+06
960	0.95	-0.025	0.1	-1.4929e+06
961	0.95	0.	0.	0.0000e+00
962	0.95	0.	0.025	0.0000e+00
963	0.95	0.	0.05	0.0000e+00
964	0.95	0.	0.075	0.0000e+00
965	0.95	0.	0.1	0.0000e+00
966	0.95	0.025	0.	1.5035e+06
967	0.95	0.025	0.025	1.5049e+06
968	0.95	0.025	0.05	1.5021e+06
969	0.95	0.025	0.075	1.5087e+06
970	0.95	0.025	0.1	1.5008e+06
971	0.95	0.05	0.	3.0071e+06
972	0.95	0.05	0.025	3.0055e+06
973	0.95	0.05	0.05	2.9984e+06
974	0.95	0.05	0.075	2.9904e+06
975	0.95	0.05	0.1	3.0399e+06
976	0.975	-0.05	0.	-1.4959e+06
977	0.975	-0.05	0.025	-1.4940e+06
978	0.975	-0.05	0.05	-1.5039e+06
979	0.975	-0.05	0.075	-1.5023e+06
980	0.975	-0.05	0.1	-1.4874e+06
981	0.975	-0.025	0.	-7.5505e+05
982	0.975	-0.025	0.025	-7.4958e+05
983	0.975	-0.025	0.05	-7.4500e+05
984	0.975	-0.025	0.075	-7.5535e+05
985	0.975	-0.025	0.1	-7.5282e+05
986	0.975	0.	0.	0.0000e+00
987	0.975	0.	0.025	0.0000e+00
988	0.975	0.	0.05	0.0000e+00
989	0.975	0.	0.075	0.0000e+00
990	0.975	0.	0.1	0.0000e+00
991	0.975	0.025	0.	7.5072e+05
992	0.975	0.025	0.025	7.4987e+05
993	0.975	0.025	0.05	7.4703e+05
994	0.975	0.025	0.075	7.5262e+05
995	0.975	0.025	0.1	7.5214e+05
996	0.975	0.05	0.	1.5001e+06
997	0.975	0.05	0.025	1.4929e+06
998	0.975	0.05	0.05	1.5012e+06
999	0.975	0.05	0.075	1.4994e+06
1000	0.975	0.05	0.1	1.4880e+06
1001	1	-0.05	0.	0.0000e+00
1002	1	-0.05	0.025	0.0000e+00
1003	1	-0.05	0.05	0.0000e+00
1004	1	-0.05	0.075	0.0000e+00
1005	1	-0.05	0.1	0.0000e+00
1006	1	-0.025	0.	0.0000e+00
1007	1	-0.025	0.025	0.0000e+00
1008	1	-0.025	0.05	0.0000e+00
1009	1	-0.025	0.075	0.0000e+00
1010	1	-0.025	0.1	0.0000e+00
1011	1	0.	0.	0.0000e+00
1012	1	0.	0.025	0.0000e+00
1013	1	0.	0.05	0.0000e+00
1014	1	0.	0.075	0.0000e+00
1015	1	0.	0.1	0.0000e+00
1016	1	0.025	0.	0.0000e+00
1017	1	0.025	0.025	0.0000e+00
1018	1	0.025	0.05	0.0000e+00
1019	1	0.025	0.075	0.0000e+00
1020	1	0.025	0.1	0.0000e+00
1021	1	0.05	0.	0.0000e+00
1022	1	0.05	0.025	0.0000e+00
1023	1	0.05	0.05	0.0000e+00
1024	1	0.05	0.075	0.0000e+00
1025	1	0.05	0.1	0.0000e+00
