Node Number	X Location (m)	Y Location (m)	Z Location (m)	Equivalent (von-Mises) Stress (Pa)
1	0.	-0.05	0.	6.0146e+07
2	0.	-0.05	0.025	5.9501e+07
3	0.	-0.05	0.05	6.0360e+07
4	0.	-0.05	0.075	6.0451e+07
5	0.	-0.05	0.1	5.9064e+07
6	0.	-0.025	0.	2.9750e+07
7	0.	-0.025	0.025	3.0094e+07
8	0.	-0.025	0.05	2.9987e+07
9	0.	-0.025	0.075	3.0059e+07
10	0.	-0.025	0.1	2.9858e+07
11	0.	0.	0.	2.6164e+06
12	0.	0.	0.025	2.6142e+06
13	0.	0.	0.05	2.5994e+06
14	0.	0.	0.075	2.6215e+06
15	0.	0.	0.1	2.6078e+06
16	0.	0.025	0.	2.9857e+07
17	0.	0.025	0.025	3.0152e+07
18	0.	0.025	0.05	2.9833e+07
19	0.	0.025	0.075	3.0274e+07
20	0.	0.025	0.1	3.0051e+07
21	0.	0.05	0.	5.9911e+07
22	0.	0.05	0.025	5.9673e+07
23	0.	0.05	0.05	6.0587e+07
24	0.	0.05	0.075	5.9926e+07
25	0.	0.05	0.1	5.9794e+07
26	0.025	-0.05	0.	5.8335e+07
27	0.025	-0.05	0.025	5.8749e+07
28	0.025	-0.05	0.05	5.8671e+07
29	0.025	-0.05	0.075	5.8693e+07
30	0.025	-0.05	0.1	5.8702e+07
31	0.025	-0.025	0.	2.9817e+07
32	0.025	-0.025	0.025	2.9220e+07
33	0.025	-0.025	0.05	2.9195e+07
34	0.025	-0.025	0.075	2.9124e+07
35	0.025	-0.025	0.1	2.9459e+07
36	0.025	0.	0.	2.6215e+06
37	0.025	0.	0.025	2.5957e+06
38	0.025	0.	0.05	2.5806e+06
39	0.025	0.	0.075	2.5809e+06
40	0.025	0.	0.1	2.6116e+06
41	0.025	0.025	0.	2.9489e+07
42	0.025	0.025	0.025	2.9442e+07
43	0.025	0.025	0.05	2.9159e+07
44	0.025	0.025	0.075	2.9369e+07
45	0.025	0.025	0.1	2.9342e+07
46	0.025	0.05	0.	5.8602e+07
47	0.025	0.05	0.025	5.8908e+07
48	0.025	0.05	0.05	5.8605e+07
49	0.025	0.05	0.075	5.8818e+07
50	0.025	0.05	0.1	5.8532e+07
51	0.05	-0.05	0.	5.7132e+07
52	0.05	-0.05	0.025	5.7288e+07
53	0.05	-0.05	0.05	5.6336e+07
54	0.05	-0.05	0.075	5.6854e+07
55	0.05	-0.05	0.1	5.6786e+07
56	0.05	-0.025	0.	2.8421e+07
57	0.05	-0.025	0.025	2.8504e+07
58	0.05	-0.025	0.05	2.8908e+07
59	0.05	-0.025	0.075	2.8369e+07
60	0.05	-0.025	0.1	2.8788e+07
61	0.05	0.	0.	2.5631e+06
62	0.05	0.	0.025	2.5911e+06
63	0.05	0.	0.05	2.6015e+06
64	0.05	0.	0.075	2.6103e+06
65	0.05	0.	0.1	2.6129e+06
66	0.05	0.025	0.	2.8748e+07
67	0.05	0.025	0.025	2.8487e+07
68	0.05	0.025	0.05	2.8461e+07
69	0.05	0.025	0.075	2.8763e+07
70	0.05	0.025	0.1	2.8523e+07
71	0.05	0.05	0.	5.6418e+07
72	0.05	0.05	0.025	5.6483e+07
73	0.05	0.05	0.05	5.6581e+07
74	0.05	0.05	0.075	5.7227e+07
75	0.05	0.05	0.1	5.7065e+07
76	0.075	-0.05	0.	5.5807e+07
77	0.075	-0.05	0.025	5.5310e+07
78	0.075	-0.05	0.05	5.5570e+07
79	0.075	-0.05	0.075	5.5778e+07
80	0.075	-0.05	0.1	5.5363e+07
81	0.075	-0.025	0.	2.7920e+07
82	0.075	-0.025	0.025	2.7671e+07
83	0.075	-0.025	0.05	2.7738e+07
84	0.075	-0.025	0.075	2.7733e+07
85	0.075	-0.025	0.1	2.7552e+07
86	0.075	0.	0.	2.6082e+06
87	0.075	0.	0.025	2.5883e+06
88	0.075	0.	0.05	2.5983e+06
89	0.075	0.	0.075	2.6081e+06
90	0.075	0.	0.1	2.6074e+06
91	0.075	0.025	0.	2.7966e+07
92	0.075	0.025	0.025	2.7796e+07
93	0.075	0.025	0.05	2.7724e+07
94	0.075	0.025	0.075	2.7801e+07
95	0.075	0.025	0.1	2.7443e+07
96	0.075	0.05	0.	5.4857e+07
97	0.075	0.05	0.025	5.4913e+07
98	0.075	0.05	0.05	5.5057e+07
99	0.075	0.05	0.075	5.5677e+07
100	0.075	0.05	0.1	5.5098e+07
101	0.1	-0.05	0.	5.3837e+07
102	0.1	-0.05	0.025	5.4561e+07
103	0.1	-0.05	0.05	5.3846e+07
104	0.1	-0.05	0.075	5.4319e+07
105	0.1	-0.05	0.1	5.3597e+07
106	0.1	-0.025	0.	2.7026e+07
107	0.1	-0.025	0.025	2.6864e+07
108	0.1	-0.025	0.05	2.6997e+07
109	0.1	-0.025	0.075	2.7252e+07
110	0.1	-0.025	0.1	2.6696e+07
111	0.1	0.	0.	2.6071e+06
112	0.1	0.	0.025	2.6030e+06
113	0.1	0.	0.05	2.5857e+06
114	0.1	0.	0.075	2.5680e+06
115	0.1	0.	0.1	2.5996e+06
116	0.1	0.025	0.	2.6956e+07
117	0.1	0.025	0.025	2.7121e+07
118	0.1	0.025	0.05	2.7075e+07
119	0.1	0.025	0.075	2.7417e+07
120	0.1	0.025	0.1	2.7018e+07
121	0.1	0.05	0.	5.3558e+07
122	0.1	0.05	0.025	5.4077e+07
123	0.1	0.05	0.05	5.4095e+07
124	0.1	0.05	0.075	5.4587e+07
125	0.1	0.05	0.1	5.4361e+07
126	0.125	-0.05	0.	5.2650e+07
127	0.125	-0.05	0.025	5.3115e+07
128	0.125	-0.05	0.05	5.2001e+07
129	0.125	-0.05	0.075	5.2231e+07
130	0.125	-0.05	0.1	5.2111e+07
131	0.125	-0.025	0.	2.6240e+07
132	0.125	-0.025	0.025	2.6032e+07
133	0.125	-0.025	0.05	2.6456e+07
134	0.125	-0.025	0.075	2.6275e+07
135	0.125	-0.025	0.1	2.6013e+07
136	0.125	0.	0.	2.5770e+06
137	0.125	0.	0.025	2.6046e+06
138	0.125	0.	0.05	2.6155e+06
139	0.125	0.	0.075	2.6396e+06
140	0.125	0.	0.1	2.6586e+06
141	0.125	0.025	0.	2.6409e+07
142	0.125	0.025	0.025	2.6114e+07
143	0.125	0.025	0.05	2.5873e+07
144	0.125	0.025	0.075	2.6379e+07
145	0.125	0.025	0.1	2.6151e+07
146	0.125	0.05	0.	5.2326e+07
147	0.125	0.05	0.025	5.2243e+07
148	0.125	0.05	0.05	5.2441e+07
149	0.125	0.05	0.075	5.2948e+07
150	0.125	0.05	0.1	5.2566e+07
151	0.15	-0.05	0.	5.0935e+07
152	0.15	-0.05	0.025	5.0577e+07
153	0.15	-0.05	0.05	5.0317e+07
154	0.15	-0.05	0.075	5.0802e+07
155	0.15	-0.05	0.1	5.0978e+07
156	0.15	-0.025	0.	2.5936e+07
157	0.15	-0.025	0.025	2.5601e+07
158	0.15	-0.025	0.05	2.5775e+07
159	0.15	-0.025	0.075	2.5472e+07
160	0.15	-0.025	0.1	2.5332e+07
161	0.15	0.	0.	2.5780e+06
162	0.15	0.	0.025	2.5830e+06
163	0.15	0.	0.05	2.6423e+06
164	0.15	0.	0.075	2.5810e+06
165	0.15	0.	0.1	2.6155e+06
166	0.15	0.025	0.	2.5390e+07
167	0.15	0.025	0.025	2.5765e+07
168	0.15	0.025	0.05	2.5653e+07
169	0.15	0.025	0.075	2.5542e+07
170	0.15	0.025	0.1	2.5566e+07
171	0.15	0.05	0.	5.0733e+07
172	0.15	0.05	0.025	5.1182e+07
173	0.15	0.05	0.05	5.0814e+07
174	0.15	0.05	0.075	5.0500e+07
175	0.15	0.05	0.1	5.0479e+07
176	0.175	-0.05	0.	4.9568e+07
177	0.175	-0.05	0.025	5.0125e+07
178	0.175	-0.05	0.05	4.9563e+07
179	0.175	-0.05	0.075	4.9453e+07
180	0.175	-0.05	0.1	4.9613e+07
181	0.175	-0.025	0.	2.5086e+07
182	0.175	-0.025	0.025	2.4870e+07
183	0.175	-0.025	0.05	2.4745e+07
184	0.175	-0.025	0.075	2.5046e+07
185	0.175	-0.025	0.1	2.4912e+07
186	0.175	0.	0.	2.6300e+06
187	0.175	0.	0.025	2.6019e+06
188	0.175	0.	0.05	2.5726e+06
189	0.175	0.	0.075	2.5696e+06
190	0.175	0.	0.1	2.6324e+06
191	0.175	0.025	0.	2.5169e+07
192	0.175	0.025	0.025	2.4791e+07
193	0.175	0.025	0.05	2.4750e+07
194	0.175	0.025	0.075	2.5117e+07
195	0.175	0.025	0.1	2.4607e+07
196	0.175	0.05	0.	4.9146e+07
197	0.175	0.05	0.025	4.9755e+07
198	0.175	0.05	0.05	4.9344e+07
199	0.175	0.05	0.075	4.9498e+07
200	0.175	0.05	0.1	4.9435e+07
201	0.2	-0.05	0.	4.8130e+07
202	0.2	-0.05	0.025	4.8540e+07
203	0.2	-0.05	0.05	4.8035e+07
204	0.2	-0.05	0.075	4.8247e+07
205	0.2	-0.05	0.1	4.7213e+07
206	0.2	-0.025	0.	2.4070e+07
207	0.2	-0.025	0.025	2.3917e+07
208	0.2	-0.025	0.05	2.3844e+07
209	0.2	-0.025	0.075	2.3910e+07
210	0.2	-0.025	0.1	2.4015e+07
211	0.2	0.	0.	2.6171e+06
212	0.2	0.	0.025	2.5705e+06
213	0.2	0.	0.05	2.5987e+06
214	0.2	0.	0.075	2.5880e+06
215	0.2	0.	0.1	2.5913e+06
216	0.2	0.025	0.	2.4272e+07
217	0.2	0.025	0.025	2.4183e+07
218	0.2	0.025	0.05	2.4337e+07
219	0.2	0.025	0.075	2.4049e+07
220	0.2	0.025	0.1	2.3945e+07
221	0.2	0.05	0.	4.7914e+07
222	0.2	0.05	0.025	4.8093e+07
223	0.2	0.05	0.05	4.8068e+07
224	0.2	0.05	0.075	4.7584e+07
225	0.2	0.05	0.1	4.8035e+07
226	0.225	-0.05	0.	4.6585e+07
227	0.225	-0.05	0.025	4.7437e+07
228	0.225	-0.05	0.05	4.7198e+07
229	0.225	-0.05	0.075	4.6183e+07
230	0.225	-0.05	0.1	4.6393e+07
231	0.225	-0.025	0.	2.3058e+07
232	0.225	-0.025	0.025	2.3221e+07
233	0.225	-0.025	0.05	2.3390e+07
234	0.225	-0.025	0.075	2.3557e+07
235	0.225	-0.025	0.1	2.3195e+07
236	0.225	0.	0.	2.5845e+06
237	0.225	0.	0.025	2.5534e+06
238	0.225	0.	0.05	2.5947e+06
239	0.225	0.	0.075	2.5760e+06
240	0.225	0.	0.1	2.5871e+06
241	0.225	0.025	0.	2.3168e+07
242	0.225	0.025	0.025	2.3314e+07
243	0.225	0.025	0.05	2.3003e+07
244	0.225	0.025	0.075	2.3058e+07
245	0.225	0.025	0.1	2.3729e+07
246	0.225	0.05	0.	4.6021e+07
247	0.225	0.05	0.025	4.6092e+07
248	0.225	0.05	0.05	4.7183e+07
249	0.225	0.05	0.075	4.7581e+07
250	0.225	0.05	0.1	4.6064e+07
251	0.25	-0.05	0.	4.4867e+07
252	0.25	-0.05	0.025	4.5123e+07
253	0.25	-0.05	0.05	4.5622e+07
254	0.25	-0.05	0.075	4.4645e+07
255	0.25	-0.05	0.1	4.4912e+07
256	0.25	-0.025	0.	2.2725e+07
257	0.25	-0.025	0.025	2.2663e+07
258	0.25	-0.025	0.05	2.2516e+07
259	0.25	-0.025	0.075	2.2560e+07
260	0.25	-0.025	0.1	2.2336e+07
261	0.25	0.	0.	2.5931e+06
262	0.25	0.	0.025	2.5925e+06
263	0.25	0.	0.05	2.6029e+06
264	0.25	0.	0.075	2.5865e+06
265	0.25	0.	0.1	2.6079e+06
266	0.25	0.025	0.	2.2767e+07
267	0.25	0.025	0.025	2.2612e+07
268	0.25	0.025	0.05	2.2648e+07
269	0.25	0.025	0.075	2.2594e+07
270	0.25	0.025	0.1	2.2584e+07
271	0.25	0.05	0.	4.4740e+07
272	0.25	0.05	0.025	4.5114e+07
273	0.25	0.05	0.05	4.4965e+07
274	0.25	0.05	0.075	4.5754e+07
275	0.25	0.05	0.1	4.5566e+07
276	0.275	-0.05	0.	4.3634e+07
277	0.275	-0.05	0.025	4.3234e+07
278	0.275	-0.05	0.05	4.3113e+07
279	0.275	-0.05	0.075	4.3915e+07
280	0.275	-0.05	0.1	4.3591e+07
281	0.275	-0.025	0.	2.1921e+07
282	0.275	-0.025	0.025	2.1532e+07
283	0.275	-0.025	0.05	2.1999e+07
284	0.275	-0.025	0.075	2.1916e+07
285	0.275	-0.025	0.1	2.1643e+07
286	0.275	0.	0.	2.5883e+06
287	0.275	0.	0.025	2.6036e+06
288	0.275	0.	0.05	2.5992e+06
289	0.275	0.	0.075	2.5920e+06
290	0.275	0.	0.1	2.5959e+06
291	0.275	0.025	0.	2.1793e+07
292	0.275	0.025	0.025	2.1864e+07
293	0.275	0.025	0.05	2.2094e+07
294	0.275	0.025	0.075	2.1389e+07
295	0.275	0.025	0.1	2.1796e+07
296	0.275	0.05	0.	4.3561e+07
297	0.275	0.05	0.025	4.3603e+07
298	0.275	0.05	0.05	4.3371e+07
299	0.275	0.05	0.075	4.2889e+07
300	0.275	0.05	0.1	4.3614e+07
301	0.3	-0.05	0.	4.2580e+07
302	0.3	-0.05	0.025	4.1485e+07
303	0.3	-0.05	0.05	4.2290e+07
304	0.3	-0.05	0.075	4.1890e+07
305	0.3	-0.05	0.1	4.1979e+07
306	0.3	-0.025	0.	2.0913e+07
307	0.3	-0.025	0.025	2.1034e+07
308	0.3	-0.025	0.05	2.1310e+07
309	0.3	-0.025	0.075	2.1189e+07
310	0.3	-0.025	0.1	2.1382e+07
311	0.3	0.	0.	2.6225e+06
312	0.3	0.	0.025	2.6072e+06
313	0.3	0.	0.05	2.6343e+06
314	0.3	0.	0.075	2.6072e+06
315	0.3	0.	0.1	2.6153e+06
316	0.3	0.025	0.	2.1040e+07
317	0.3	0.025	0.025	2.1101e+07
318	0.3	0.025	0.05	2.0973e+07
319	0.3	0.025	0.075	2.1257e+07
320	0.3	0.025	0.1	2.0891e+07
321	0.3	0.05	0.	4.2263e+07
322	0.3	0.05	0.025	4.1936e+07
323	0.3	0.05	0.05	4.2394e+07
324	0.3	0.05	0.075	4.2252e+07
325	0.3	0.05	0.1	4.2612e+07
326	0.325	-0.05	0.	4.0737e+07
327	0.325	-0.05	0.025	3.9991e+07
328	0.325	-0.05	0.05	4.0478e+07
329	0.325	-0.05	0.075	4.0120e+07
330	0.325	-0.05	0.1	4.0332e+07
331	0.325	-0.025	0.	2.0589e+07
332	0.325	-0.025	0.025	2.0447e+07
333	0.325	-0.025	0.05	2.0230e+07
334	0.325	-0.025	0.075	2.0179e+07
335	0.325	-0.025	0.1	2.0349e+07
336	0.325	0.	0.	2.5728e+06
337	0.325	0.	0.025	2.5841e+06
338	0.325	0.	0.05	2.6046e+06
339	0.325	0.	0.075	2.6221e+06
340	0.325	0.	0.1	2.6107e+06
341	0.325	0.025	0.	1.9971e+07
342	0.325	0.025	0.025	2.0393e+07
343	0.325	0.025	0.05	2.0355e+07
344	0.325	0.025	0.075	2.0411e+07
345	0.325	0.025	0.1	2.0607e+07
346	0.325	0.05	0.	3.9832e+07
347	0.325	0.05	0.025	4.0308e+07
348	0.325	0.05	0.05	4.0691e+07
349	0.325	0.05	0.075	3.9988e+07
350	0.325	0.05	0.1	4.0978e+07
351	0.35	-0.05	0.	3.9115e+07
352	0.35	-0.05	0.025	3.9264e+07
353	0.35	-0.05	0.05	3.8822e+07
354	0.35	-0.05	0.075	3.9254e+07
355	0.35	-0.05	0.1	3.9333e+07
356	0.35	-0.025	0.	1.9634e+07
357	0.35	-0.025	0.025	1.9634e+07
358	0.35	-0.025	0.05	1.9639e+07
359	0.35	-0.025	0.075	1.9462e+07
360	0.35	-0.025	0.1	1.9574e+07
361	0.35	0.	0.	2.5949e+06
362	0.35	0.	0.025	2.6060e+06
363	0.35	0.	0.05	2.6189e+06
364	0.35	0.	0.075	2.5761e+06
365	0.35	0.	0.1	2.5955e+06
366	0.35	0.025	0.	1.9829e+07
367	0.35	0.025	0.025	1.9481e+07
368	0.35	0.025	0.05	1.9468e+07
369	0.35	0.025	0.075	1.9629e+07
370	0.35	0.025	0.1	1.9729e+07
371	0.35	0.05	0.	3.9004e+07
372	0.35	0.05	0.025	3.9415e+07
373	0.35	0.05	0.05	3.9267e+07
374	0.35	0.05	0.075	3.9263e+07
375	0.35	0.05	0.1	3.9173e+07
376	0.375	-0.05	0.	3.8198e+07
377	0.375	-0.05	0.025	3.7438e+07
378	0.375	-0.05	0.05	3.6899e+07
379	0.375	-0.05	0.075	3.7981e+07
380	0.375	-0.05	0.1	3.7363e+07
381	0.375	-0.025	0.	1.8867e+07
382	0.375	-0.025	0.025	1.9048e+07
383	0.375	-0.025	0.05	1.8609e+07
384	0.375	-0.025	0.075	1.8662e+07
385	0.375	-0.025	0.1	1.8609e+07
386	0.375	0.	0.	2.5816e+06
387	0.375	0.	0.025	2.6072e+06
388	0.375	0.	0.05	2.6090e+06
389	0.375	0.	0.075	2.6038e+06
390	0.375	0.	0.1	2.5687e+06
391	0.375	0.025	0.	1.8503e+07
392	0.375	0.025	0.025	1.8859e+07
393	0.375	0.025	0.05	1.8780e+07
394	0.375	0.025	0.075	1.8920e+07
395	0.375	0.025	0.1	1.8957e+07
396	0.375	0.05	0.	3.7541e+07
397	0.375	0.05	0.025	3.7728e+07
398	0.375	0.05	0.05	3.7569e+07
399	0.375	0.05	0.075	3.7659e+07
400	0.375	0.05	0.1	3.7289e+07
401	0.4	-0.05	0.	3.5948e+07
402	0.4	-0.05	0.025	3.6057e+07
403	0.4	-0.05	0.05	3.6236e+07
404	0.4	-0.05	0.075	3.5887e+07
405	0.4	-0.05	0.1	3.6150e+07
406	0.4	-0.025	0.	1.8067e+07
407	0.4	-0.025	0.025	1.8088e+07
408	0.4	-0.025	0.05	1.8225e+07
409	0.4	-0.025	0.075	1.7816e+07
410	0.4	-0.025	0.1	1.7917e+07
411	0.4	0.	0.	2.5673e+06
412	0.4	0.	0.025	2.5496e+06
413	0.4	0.	0.05	2.5840e+06
414	0.4	0.	0.075	2.6137e+06
415	0.4	0.	0.1	2.5922e+06
416	0.4	0.025	0.	1.8134e+07
417	0.4	0.025	0.025	1.8263e+07
418	0.4	0.025	0.05	1.8297e+07
419	0.4	0.025	0.075	1.8095e+07
420	0.4	0.025	0.1	1.8301e+07
421	0.4	0.05	0.	3.6027e+07
422	0.4	0.05	0.025	3.5759e+07
423	0.4	0.05	0.05	3.5829e+07
424	0.4	0.05	0.075	3.5574e+07
425	0.4	0.05	0.1	3.5744e+07
426	0.425	-0.05	0.	3.4401e+07
427	0.425	-0.05	0.025	3.4722e+07
428	0.425	-0.05	0.05	3.4975e+07
429	0.425	-0.05	0.075	3.4119e+07
430	0.425	-0.05	0.1	3.4608e+07
431	0.425	-0.025	0.	1.7215e+07
432	0.425	-0.025	0.025	1.7426e+07
433	0.425	-0.025	0.05	1.7342e+07
434	0.425	-0.025	0.075	1.7105e+07
435	0.425	-0.025	0.1	1.7489e+07
436	0.425	0.	0.	2.5855e+06
437	0.425	0.	0.025	2.5870e+06
438	0.425	0.	0.05	2.5758e+06
439	0.425	0.	0.075	2.5845e+06
440	0.425	0.	0.1	2.6070e+06
441	0.425	0.025	0.	1.7333e+07
442	0.425	0.025	0.025	1.7405e+07
443	0.425	0.025	0.05	1.7410e+07
444	0.425	0.025	0.075	1.7543e+07
445	0.425	0.025	0.1	1.7312e+07
446	0.425	0.05	0.	3.4092e+07
447	0.425	0.05	0.025	3.4795e+07
448	0.425	0.05	0.05	3.4409e+07
449	0.425	0.05	0.075	3.4808e+07
450	0.425	0.05	0.1	3.4606e+07
451	0.45	-0.05	0.	3.2965e+07
452	0.45	-0.05	0.025	3.3092e+07
453	0.45	-0.05	0.05	3.3515e+07
454	0.45	-0.05	0.075	3.3548e+07
455	0.45	-0.05	0.1	3.3018e+07
456	0.45	-0.025	0.	1.6636e+07
457	0.45	-0.025	0.025	1.6758e+07
458	0.45	-0.025	0.05	1.6502e+07
459	0.45	-0.025	0.075	1.6659e+07
460	0.45	-0.025	0.1	1.6611e+07
461	0.45	0.	0.	2.6046e+06
462	0.45	0.	0.025	2.5808e+06
463	0.45	0.	0.05	2.5650e+06
464	0.45	0.	0.075	2.5550e+06
465	0.45	0.	0.1	2.5749e+06
466	0.45	0.025	0.	1.6554e+07
467	0.45	0.025	0.025	1.6576e+07
468	0.45	0.025	0.05	1.6872e+07
469	0.45	0.025	0.075	1.6762e+07
470	0.45	0.025	0.1	1.6487e+07
471	0.45	0.05	0.	3.3092e+07
472	0.45	0.05	0.025	3.2893e+07
473	0.45	0.05	0.05	3.2925e+07
474	0.45	0.05	0.075	3.3049e+07
475	0.45	0.05	0.1	3.3163e+07
476	0.475	-0.05	0.	3.1415e+07
477	0.475	-0.05	0.025	3.1768e+07
478	0.475	-0.05	0.05	3.1212e+07
479	0.475	-0.05	0.075	3.1502e+07
480	0.475	-0.05	0.1	3.2155e+07
481	0.475	-0.025	0.	1.5898e+07
482	0.475	-0.025	0.025	1.6052e+07
483	0.475	-0.025	0.05	1.5882e+07
484	0.475	-0.025	0.075	1.5944e+07
485	0.475	-0.025	0.1	1.5863e+07
486	0.475	0.	0.	2.5945e+06
487	0.475	0.	0.025	2.5819e+06
488	0.475	0.	0.05	2.6070e+06
489	0.475	0.	0.075	2.5804e+06
490	0.475	0.	0.1	2.6119e+06
491	0.475	0.025	0.	1.6008e+07
492	0.475	0.025	0.025	1.5917e+07
493	0.475	0.025	0.05	1.5834e+07
494	0.475	0.025	0.075	1.5928e+07
495	0.475	0.025	0.1	1.5831e+07
496	0.475	0.05	0.	3.1736e+07
497	0.475	0.05	0.025	3.1038e+07
498	0.475	0.05	0.05	3.1415e+07
499	0.475	0.05	0.075	3.0998e+07
500	0.475	0.05	0.1	3.1123e+07
501	0.5	-0.05	0.	3.0327e+07
502	0.5	-0.05	0.025	3.0215e+07
503	0.5	-0.05	0.05	2.9827e+07
504	0.5	-0.05	0.075	2.9639e+07
505	0.5	-0.05	0.1	2.9289e+07
506	0.5	-0.025	0.	1.5060e+07
507	0.5	-0.025	0.025	1.5419e+07
508	0.5	-0.025	0.05	1.5179e+07
509	0.5	-0.025	0.075	1.5058e+07
510	0.5	-0.025	0.1	1.5182e+07
511	0.5	0.	0.	2.5656e+06
512	0.5	0.	0.025	2.5919e+06
513	0.5	0.	0.05	2.6001e+06
514	0.5	0.	0.075	2.5963e+06
515	0.5	0.	0.1	2.6145e+06
516	0.5	0.025	0.	1.5168e+07
517	0.5	0.025	0.025	1.5207e+07
518	0.5	0.025	0.05	1.5043e+07
519	0.5	0.025	0.075	1.5235e+07
520	0.5	0.025	0.1	1.5323e+07
521	0.5	0.05	0.	2.9767e+07
522	0.5	0.05	0.025	2.9787e+07
523	0.5	0.05	0.05	3.0321e+07
524	0.5	0.05	0.075	2.9954e+07
525	0.5	0.05	0.1	3.0337e+07
526	0.525	-0.05	0.	2.8399e+07
527	0.525	-0.05	0.025	2.8832e+07
528	0.525	-0.05	0.05	2.8530e+07
529	0.525	-0.05	0.075	2.8559e+07
530	0.525	-0.05	0.1	2.8857e+07
531	0.525	-0.025	0.	1.4341e+07
532	0.525	-0.025	0.025	1.4274e+07
533	0.525	-0.025	0.05	1.4331e+07
534	0.525	-0.025	0.075	1.4435e+07
535	0.525	-0.025	0.1	1.4202e+07
536	0.525	0.	0.	2.6113e+06
537	0.525	0.	0.025	2.5869e+06
538	0.525	0.	0.05	2.6219e+06
539	0.525	0.	0.075	2.5483e+06
540	0.525	0.	0.1	2.5817e+06
541	0.525	0.025	0.	1.4189e+07
542	0.525	0.025	0.025	1.4288e+07
543	0.525	0.025	0.05	1.4411e+07
544	0.525	0.025	0.075	1.4362e+07
545	0.525	0.025	0.1	1.4353e+07
546	0.525	0.05	0.	2.8464e+07
547	0.525	0.05	0.025	2.8546e+07
548	0.525	0.05	0.05	2.8270e+07
549	0.525	0.05	0.075	2.8661e+07
550	0.525	0.05	0.1	2.8651e+07
551	0.55	-0.05	0.	2.7083e+07
552	0.55	-0.05	0.025	2.7120e+07
553	0.55	-0.05	0.05	2.7064e+07
554	0.55	-0.05	0.075	2.7440e+07
555	0.55	-0.05	0.1	2.6981e+07
556	0.55	-0.025	0.	1.3606e+07
557	0.55	-0.025	0.025	1.3558e+07
558	0.55	-0.025	0.05	1.3527e+07
559	0.55	-0.025	0.075	1.3504e+07
560	0.55	-0.025	0.1	1.3543e+07
561	0.55	0.	0.	2.5966e+06
562	0.55	0.	0.025	2.6050e+06
563	0.55	0.	0.05	2.5991e+06
564	0.55	0.	0.075	2.5822e+06
565	0.55	0.	0.1	2.6168e+06
566	0.55	0.025	0.	1.3721e+07
567	0.55	0.025	0.025	1.3622e+07
568	0.55	0.025	0.05	1.3569e+07
569	0.55	0.025	0.075	1.3700e+07
570	0.55	0.025	0.1	1.3660e+07
571	0.55	0.05	0.	2.6687e+07
572	0.55	0.05	0.025	2.6985e+07
573	0.55	0.05	0.05	2.7057e+07
574	0.55	0.05	0.075	2.6806e+07
575	0.55	0.05	0.1	2.7041e+07
576	0.575	-0.05	0.	2.5203e+07
577	0.575	-0.05	0.025	2.5773e+07
578	0.575	-0.05	0.05	2.5755e+07
579	0.575	-0.05	0.075	2.5448e+07
580	0.575	-0.05	0.1	2.5574e+07
581	0.575	-0.025	0.	1.2649e+07
582	0.575	-0.025	0.025	1.2779e+07
583	0.575	-0.025	0.05	1.2868e+07
584	0.575	-0.025	0.075	1.2787e+07
585	0.575	-0.025	0.1	1.2972e+07
586	0.575	0.	0.	2.6396e+06
587	0.575	0.	0.025	2.5736e+06
588	0.575	0.	0.05	2.5807e+06
589	0.575	0.	0.075	2.6030e+06
590	0.575	0.	0.1	2.6316e+06
591	0.575	0.025	0.	1.2772e+07
592	0.575	0.025	0.025	1.2924e+07
593	0.575	0.025	0.05	1.3086e+07
594	0.575	0.025	0.075	1.2728e+07
595	0.575	0.025	0.1	1.2766e+07
596	0.575	0.05	0.	2.5414e+07
597	0.575	0.05	0.025	2.5394e+07
598	0.575	0.05	0.05	2.5666e+07
599	0.575	0.05	0.075	2.5549e+07
600	0.575	0.05	0.1	2.5138e+07
601	0.6	-0.05	0.	2.4099e+07
602	0.6	-0.05	0.025	2.3889e+07
603	0.6	-0.05	0.05	2.4245e+07
604	0.6	-0.05	0.075	2.3880e+07
605	0.6	-0.05	0.1	2.3878e+07
606	0.6	-0.025	0.	1.2210e+07
607	0.6	-0.025	0.025	1.2231e+07
608	0.6	-0.025	0.05	1.2201e+07
609	0.6	-0.025	0.075	1.1993e+07
610	0.6	-0.025	0.1	1.2210e+07
611	0.6	0.	0.	2.5766e+06
612	0.6	0.	0.025	2.6030e+06
613	0.6	0.	0.05	2.5685e+06
614	0.6	0.	0.075	2.6074e+06
615	0.6	0.	0.1	2.5813e+06
616	0.6	0.025	0.	1.2032e+07
617	0.6	0.025	0.025	1.2227e+07
618	0.6	0.025	0.05	1.2181e+07
619	0.6	0.025	0.075	1.2097e+07
620	0.6	0.025	0.1	1.2298e+07
621	0.6	0.05	0.	2.3915e+07
622	0.6	0.05	0.025	2.4006e+07
623	0.6	0.05	0.05	2.4052e+07
624	0.6	0.05	0.075	2.3881e+07
625	0.6	0.05	0.1	2.4090e+07
626	0.625	-0.05	0.	2.2404e+07
627	0.625	-0.05	0.025	2.2426e+07
628	0.625	-0.05	0.05	2.2745e+07
629	0.625	-0.05	0.075	2.2313e+07
630	0.625	-0.05	0.1	2.2066e+07
631	0.625	-0.025	0.	1.1565e+07
632	0.625	-0.025	0.025	1.1650e+07
633	0.625	-0.025	0.05	1.1380e+07
634	0.625	-0.025	0.075	1.1241e+07
635	0.625	-0.025	0.1	1.1389e+07
636	0.625	0.	0.	2.5921e+06
637	0.625	0.	0.025	2.5941e+06
638	0.625	0.	0.05	2.5749e+06
639	0.625	0.	0.075	2.6101e+06
640	0.625	0.	0.1	2.6090e+06
641	0.625	0.025	0.	1.1281e+07
642	0.625	0.025	0.025	1.1481e+07
643	0.625	0.025	0.05	1.1605e+07
644	0.625	0.025	0.075	1.1433e+07
645	0.625	0.025	0.1	1.1387e+07
646	0.625	0.05	0.	2.2474e+07
647	0.625	0.05	0.025	2.2611e+07
648	0.625	0.05	0.05	2.2188e+07
649	0.625	0.05	0.075	2.2530e+07
650	0.625	0.05	0.1	2.2430e+07
651	0.65	-0.05	0.	2.1310e+07
652	0.65	-0.05	0.025	2.0971e+07
653	0.65	-0.05	0.05	2.1280e+07
654	0.65	-0.05	0.075	2.0815e+07
655	0.65	-0.05	0.1	2.1099e+07
656	0.65	-0.025	0.	1.0707e+07
657	0.65	-0.025	0.025	1.0605e+07
658	0.65	-0.025	0.05	1.0694e+07
659	0.65	-0.025	0.075	1.0783e+07
660	0.65	-0.025	0.1	1.0652e+07
661	0.65	0.	0.	2.5629e+06
662	0.65	0.	0.025	2.5977e+06
663	0.65	0.	0.05	2.5793e+06
664	0.65	0.	0.075	2.5910e+06
665	0.65	0.	0.1	2.5964e+06
666	0.65	0.025	0.	1.0534e+07
667	0.65	0.025	0.025	1.0541e+07
668	0.65	0.025	0.05	1.0720e+07
669	0.65	0.025	0.075	1.0635e+07
670	0.65	0.025	0.1	1.0460e+07
671	0.65	0.05	0.	2.1132e+07
672	0.65	0.05	0.025	2.1046e+07
673	0.65	0.05	0.05	2.0880e+07
674	0.65	0.05	0.075	2.0779e+07
675	0.65	0.05	0.1	2.1140e+07
676	0.675	-0.05	0.	1.9554e+07
677	0.675	-0.05	0.025	1.9872e+07
678	0.675	-0.05	0.05	1.9566e+07
679	0.675	-0.05	0.075	1.9560e+07
680	0.675	-0.05	0.1	1.9474e+07
681	0.675	-0.025	0.	1.0008e+07
682	0.675	-0.025	0.025	9.9925e+06
683	0.675	-0.025	0.05	1.0042e+07
684	0.675	-0.025	0.075	9.9013e+06
685	0.675	-0.025	0.1	9.9082e+06
686	0.675	0.	0.	2.5881e+06
687	0.675	0.	0.025	2.6145e+06
688	0.675	0.	0.05	2.6292e+06
689	0.675	0.	0.075	2.5885e+06
690	0.675	0.	0.1	2.5892e+06
691	0.675	0.025	0.	9.9678e+06
692	0.675	0.025	0.025	9.9233e+06
693	0.675	0.025	0.05	1.0019e+07
694	0.675	0.025	0.075	9.7637e+06
695	0.675	0.025	0.1	9.8770e+06
696	0.675	0.05	0.	1.9378e+07
697	0.675	0.05	0.025	1.9138e+07
698	0.675	0.05	0.05	1.9350e+07
699	0.675	0.05	0.075	1.9357e+07
700	0.675	0.05	0.1	1.9469e+07
701	0.7	-0.05	0.	1.8160e+07
702	0.7	-0.05	0.025	1.7965e+07
703	0.7	-0.05	0.05	1.7852e+07
704	0.7	-0.05	0.075	1.7992e+07
705	0.7	-0.05	0.1	1.8151e+07
706	0.7	-0.025	0.	9.1366e+06
707	0.7	-0.025	0.025	9.1414e+06
708	0.7	-0.025	0.05	9.2497e+06
709	0.7	-0.025	0.075	9.1922e+06
710	0.7	-0.025	0.1	9.2562e+06
711	0.7	0.	0.	2.5978e+06
712	0.7	0.	0.025	2.6127e+06
713	0.7	0.	0.05	2.5766e+06
714	0.7	0.	0.075	2.5978e+06
715	0.7	0.	0.1	2.5937e+06
716	0.7	0.025	0.	9.1189e+06
717	0.7	0.025	0.025	9.0933e+06
718	0.7	0.025	0.05	9.2590e+06
719	0.7	0.025	0.075	9.1827e+06
720	0.7	0.025	0.1	9.1332e+06
721	0.7	0.05	0.	1.7986e+07
722	0.7	0.05	0.025	1.8162e+07
723	0.7	0.05	0.05	1.7672e+07
724	0.7	0.05	0.075	1.7784e+07
725	0.7	0.05	0.1	1.7867e+07
726	0.725	-0.05	0.	1.6693e+07
727	0.725	-0.05	0.025	1.6537e+07
728	0.725	-0.05	0.05	1.6601e+07
729	0.725	-0.05	0.075	1.6349e+07
730	0.725	-0.05	0.1	1.6352e+07
731	0.725	-0.025	0.	8.5074e+06
732	0.725	-0.025	0.025	8.4809e+06
733	0.725	-0.025	0.05	8.5142e+06
734	0.725	-0.025	0.075	8.4643e+06
735	0.725	-0.025	0.1	8.4959e+06
736	0.725	0.	0.	2.6014e+06
737	0.725	0.	0.025	2.6142e+06
738	0.725	0.	0.05	2.6148e+06
739	0.725	0.	0.075	2.5644e+06
740	0.725	0.	0.1	2.5514e+06
741	0.725	0.025	0.	8.5449e+06
742	0.725	0.025	0.025	8.5575e+06
743	0.725	0.025	0.05	8.4078e+06
744	0.725	0.025	0.075	8.3509e+06
745	0.725	0.025	0.1	8.4837e+06
746	0.725	0.05	0.	1.6623e+07
747	0.725	0.05	0.025	1.6737e+07
748	0.725	0.05	0.05	1.6568e+07
749	0.725	0.05	0.075	1.6451e+07
750	0.725	0.05	0.1	1.6382e+07
751	0.75	-0.05	0.	1.5001e+07
752	0.75	-0.05	0.025	1.4964e+07
753	0.75	-0.05	0.05	1.4878e+07
754	0.75	-0.05	0.075	1.5246e+07
755	0.75	-0.05	0.1	1.5214e+07
756	0.75	-0.025	0.	7.8194e+06
757	0.75	-0.025	0.025	7.6919e+06
758	0.75	-0.025	0.05	7.8020e+06
759	0.75	-0.025	0.075	7.7886e+06
760	0.75	-0.025	0.1	7.7764e+06
761	0.75	0.	0.	2.6241e+06
762	0.75	0.	0.025	2.6113e+06
763	0.75	0.	0.05	2.6135e+06
764	0.75	0.	0.075	2.6113e+06
765	0.75	0.	0.1	2.6052e+06
766	0.75	0.025	0.	7.6384e+06
767	0.75	0.025	0.025	7.7542e+06
768	0.75	0.025	0.05	7.7145e+06
769	0.75	0.025	0.075	7.6697e+06
770	0.75	0.025	0.1	7.8533e+06
771	0.75	0.05	0.	1.5207e+07
772	0.75	0.05	0.025	1.5163e+07
773	0.75	0.05	0.05	1.5031e+07
774	0.75	0.05	0.075	1.5162e+07
775	0.75	0.05	0.1	1.5001e+07
776	0.775	-0.05	0.	1.3522e+07
777	0.775	-0.05	0.025	1.3382e+07
778	0.775	-0.05	0.05	1.3543e+07
779	0.775	-0.05	0.075	1.3507e+07
780	0.775	-0.05	0.1	1.3359e+07
781	0.775	-0.025	0.	7.0227e+06
782	0.775	-0.025	0.025	7.0211e+06
783	0.775	-0.025	0.05	7.1267e+06
784	0.775	-0.025	0.075	7.0759e+06
785	0.775	-0.025	0.1	7.0263e+06
786	0.775	0.	0.	2.6032e+06
787	0.775	0.	0.025	2.5990e+06
788	0.775	0.	0.05	2.5939e+06
789	0.775	0.	0.075	2.5756e+06
790	0.775	0.	0.1	2.5949e+06
791	0.775	0.025	0.	6.9837e+06
792	0.775	0.025	0.025	6.9553e+06
793	0.775	0.025	0.05	7.0544e+06
794	0.775	0.025	0.075	7.0476e+06
795	0.775	0.025	0.1	6.9252e+06
796	0.775	0.05	0.	1.3487e+07
797	0.775	0.05	0.025	1.3608e+07
798	0.775	0.05	0.05	1.3614e+07
799	0.775	0.05	0.075	1.3611e+07
800	0.775	0.05	0.1	1.3504e+07
801	0.8	-0.05	0.	1.1919e+07
802	0.8	-0.05	0.025	1.1896e+07
803	0.8	-0.05	0.05	1.2033e+07
804	0.8	-0.05	0.075	1.2036e+07
805	0.8	-0.05	0.1	1.2124e+07
806	0.8	-0.025	0.	6.3640e+06
807	0.8	-0.025	0.025	6.3018e+06
808	0.8	-0.025	0.05	6.2457e+06
809	0.8	-0.025	0.075	6.2924e+06
810	0.8	-0.025	0.1	6.3194e+06
811	0.8	0.	0.	2.5939e+06
812	0.8	0.	0.025	2.5861e+06
813	0.8	0.	0.05	2.6033e+06
814	0.8	0.	0.075	2.5876e+06
815	0.8	0.	0.1	2.5850e+06
816	0.8	0.025	0.	6.3242e+06
817	0.8	0.025	0.025	6.2882e+06
818	0.8	0.025	0.05	6.3208e+06
819	0.8	0.025	0.075	6.3223e+06
820	0.8	0.025	0.1	6.2510e+06
821	0.8	0.05	0.	1.1954e+07
822	0.8	0.05	0.025	1.2138e+07
823	0.8	0.05	0.05	1.1888e+07
824	0.8	0.05	0.075	1.1797e+07
825	0.8	0.05	0.1	1.1821e+07
826	0.825	-0.05	0.	1.0502e+07
827	0.825	-0.05	0.025	1.0503e+07
828	0.825	-0.05	0.05	1.0490e+07
829	0.825	-0.05	0.075	1.0602e+07
830	0.825	-0.05	0.1	1.0275e+07
831	0.825	-0.025	0.	5.6177e+06
832	0.825	-0.025	0.025	5.6699e+06
833	0.825	-0.025	0.05	5.5494e+06
834	0.825	-0.025	0.075	5.5829e+06
835	0.825	-0.025	0.1	5.5662e+06
836	0.825	0.	0.	2.5795e+06
837	0.825	0.	0.025	2.5913e+06
838	0.825	0.	0.05	2.6277e+06
839	0.825	0.	0.075	2.6363e+06
840	0.825	0.	0.1	2.5911e+06
841	0.825	0.025	0.	5.6853e+06
842	0.825	0.025	0.025	5.6015e+06
843	0.825	0.025	0.05	5.6785e+06
844	0.825	0.025	0.075	5.5958e+06
845	0.825	0.025	0.1	5.6058e+06
846	0.825	0.05	0.	1.0531e+07
847	0.825	0.05	0.025	1.0767e+07
848	0.825	0.05	0.05	1.0572e+07
849	0.825	0.05	0.075	1.0441e+07
850	0.825	0.05	0.1	1.0581e+07
851	0.85	-0.05	0.	8.9739e+06
852	0.85	-0.05	0.025	8.9647e+06
853	0.85	-0.05	0.05	9.0654e+06
854	0.85	-0.05	0.075	9.0022e+06
855	0.85	-0.05	0.1	9.0201e+06
856	0.85	-0.025	0.	4.9043e+06
857	0.85	-0.025	0.025	4.9170e+06
858	0.85	-0.025	0.05	4.9204e+06
859	0.85	-0.025	0.075	4.8278e+06
860	0.85	-0.025	0.1	4.9299e+06
861	0.85	0.	0.	2.5777e+06
862	0.85	0.	0.025	2.5681e+06
863	0.85	0.	0.05	2.5969e+06
864	0.85	0.	0.075	2.5998e+06
865	0.85	0.	0.1	2.5837e+06
866	0.85	0.025	0.	4.9364e+06
867	0.85	0.025	0.025	4.8511e+06
868	0.85	0.025	0.05	4.8878e+06
869	0.85	0.025	0.075	4.8808e+06
870	0.85	0.025	0.1	4.9019e+06
871	0.85	0.05	0.	9.0201e+06
872	0.85	0.05	0.025	8.9274e+06
873	0.85	0.05	0.05	9.0521e+06
874	0.85	0.05	0.075	9.0045e+06
875	0.85	0.05	0.1	8.8638e+06
876	0.875	-0.05	0.	7.3825e+06
877	0.875	-0.05	0.025	7.4993e+06
878	0.875	-0.05	0.05	7.4867e+06
879	0.875	-0.05	0.075	7.4938e+06
880	0.875	-0.05	0.1	7.4983e+06
881	0.875	-0.025	0.	4.2337e+06
882	0.875	-0.025	0.025	4.2581e+06
883	0.875	-0.025	0.05	4.1885e+06
884	0.875	-0.025	0.075	4.1864e+06
885	0.875	-0.025	0.1	4.1891e+06
886	0.875	0.	0.	2.6041e+06
887	0.875	0.	0.025	2.6240e+06
888	0.875	0.	0.05	2.5891e+06
889	0.875	0.	0.075	2.5461e+06
890	0.875	0.	0.1	2.5627e+06
891	0.875	0.025	0.	4.1979e+06
892	0.875	0.025	0.025	4.2072e+06
893	0.875	0.025	0.05	4.2122e+06
894	0.875	0.025	0.075	4.2273e+06
895	0.875	0.025	0.1	4.2155e+06
896	0.875	0.05	0.	7.5630e+06
897	0.875	0.05	0.025	7.4594e+06
898	0.875	0.05	0.05	7.4483e+06
899	0.875	0.05	0.075	7.5287e+06
900	0.875	0.05	0.1	7.4079e+06
901	0.9	-0.05	0.	6.0187e+06
902	0.9	-0.05	0.025	6.0049e+06
903	0.9	-0.05	0.05	5.9929e+06
904	0.9	-0.05	0.075	6.0762e+06
905	0.9	-0.05	0.1	5.9701e+06
906	0.9	-0.025	0.	3.6362e+06
907	0.9	-0.025	0.025	3.5708e+06
908	0.9	-0.025	0.05	3.5407e+06
909	0.9	-0.025	0.075	3.5793e+06
910	0.9	-0.025	0.1	3.5465e+06
911	0.9	0.	0.	2.5825e+06
912	0.9	0.	0.025	2.6063e+06
913	0.9	0.	0.05	2.6096e+06
914	0.9	0.	0.075	2.5851e+06
915	0.9	0.	0.1	2.6186e+06
916	0.9	0.025	0.	3.6104e+06
917	0.9	0.025	0.025	3.6184e+06
918	0.9	0.025	0.05	3.5924e+06
919	0.9	0.025	0.075	3.6163e+06
920	0.9	0.025	0.1	3.5234e+06
921	0.9	0.05	0.	5.9847e+06
922	0.9	0.05	0.025	5.9584e+06
923	0.9	0.05	0.05	6.0057e+06
924	0.9	0.05	0.075	5.9726e+06
925	0.9	0.05	0.1	5.9920e+06
926	0.925	-0.05	0.	4.5678e+06
927	0.925	-0.05	0.025	4.4939e+06
928	0.925	-0.05	0.05	4.5149e+06
929	0.925	-0.05	0.075	4.4916e+06
930	0.925	-0.05	0.1	4.5027e+06
931	0.925	-0.025	0.	2.9766e+06
932	0.925	-0.025	0.025	2.9871e+06
933	0.925	-0.025	0.05	3.0042e+06
934	0.925	-0.025	0.075	3.0157e+06
935	0.925	-0.025	0.1	2.9838e+06
936	0.925	0.	0.	2.6103e+06
937	0.925	0.	0.025	2.5742e+06
938	0.925	0.	0.05	2.5962e+06
939	0.925	0.	0.075	2.6176e+06
940	0.925	0.	0.1	2.6161e+06
941	0.925	0.025	0.	2.9815e+06
942	0.925	0.025	0.025	2.9976e+06
943	0.925	0.025	0.05	2.9882e+06
944	0.925	0.025	0.075	3.0051e+06
945	0.925	0.025	0.1	2.9834e+06
946	0.925	0.05	0.	4.4872e+06
947	0.925	0.05	0.025	4.5121e+06
948	0.925	0.05	0.05	4.3945e+06
949	0.925	0.05	0.075	4.5138e+06
950	0.925	0.05	0.1	4.3687e+06
951	0.95	-0.05	0.	2.9586e+06
952	0.95	-0.05	0.025	3.0108e+06
953	0.95	-0.05	0.05	3.0115e+06
954	0.95	-0.05	0.075	2.9721e+06
955	0.95	-0.05	0.1	2.9829e+06
956	0.95	-0.025	0.	2.4860e+06
957	0.95	-0.025	0.025	2.4495e+06
958	0.95	-0.025	0.05	2.5032e+06
959	0.95	-0.025	0.075	2.4590e+06
960	0.95	-0.025	0.1	2.4671e+06
961	0.95	0.	0.	2.6317e+06
962	0.95	0.	0.025	2.6008e+06
963	0.95	0.	0.05	2.5772e+06
964	0.95	0.	0.075	2.5958e+06
965	0.95	0.	0.1	2.5973e+06
966	0.95	0.025	0.	2.4322e+06
967	0.95	0.025	0.025	2.4540e+06
968	0.95	0.025	0.05	2.4444e+06
969	0.95	0.025	0.075	2.4772e+06
970	0.95	0.025	0.1	2.4597e+06
971	0.95	0.05	0.	2.9932e+06
972	0.95	0.05	0.025	2.9975e+06
973	0.95	0.05	0.05	3.0054e+06
974	0.95	0.05	0.075	3.0148e+06
975	0.95	0.05	0.1	2.9760e+06
976	0.975	-0.05	0.	1.4875e+06
977	0.975	-0.05	0.025	1.5133e+06
978	0.975	-0.05	0.05	1.4951e+06
979	0.975	-0.05	0.075	1.4830e+06
980	0.975	-0.05	0.1	1.5053e+06
981	0.975	-0.025	0.	2.0957e+06
982	0.975	-0.025	0.025	2.0623e+06
983	0.975	-0.025	0.05	2.0917e+06
984	0.975	-0.025	0.075	2.1002e+06
985	0.975	-0.025	0.1	2.0942e+06
986	0.975	0.	0.	2.6112e+06
987	0.975	0.	0.025	2.5689e+06
988	0.975	0.	0.05	2.6050e+06
989	0.975	0.	0.075	2.5918e+06
990	0.975	0.	0.1	2.5880e+06
991	0.975	0.025	0.	2.1025e+06
992	0.975	0.025	0.025	2.1126e+06
993	0.975	0.025	0.05	2.1179e+06
994	0.975	0.025	0.075	2.1099e+06
995	0.975	0.025	0.1	2.0861e+06
996	0.975	0.05	0.	1.5042e+06
997	0.975	0.05	0.025	1.5092e+06
998	0.975	0.05	0.05	1.5015e+06
999	0.975	0.05	0.075	1.5016e+06
1000	0.975	0.05	0.1	1.5099e+06
1001	1	-0.05	0.	0.0000e+00
1002	1	-0.05	0.025	0.0000e+00
1003	1	-0.05	0.05	0.0000e+00
1004	1	-0.05	0.075	0.0000e+00
1005	1	-0.05	0.1	0.0000e+00
1006	1	-0.025	0.	1.9539e+06
1007	1	-0.025	0.025	1.9590e+06
1008	1	-0.025	0.05	1.9427e+06
1009	1	-0.025	0.075	1.9603e+06
1010	1	-0.025	0.1	1.9545e+06
1011	1	0.	0.	2.5724e+06
1012	1	0.	0.025	2.6281e+06
1013	1	0.	0.05	2.5877e+06
1014	1	0.	0.075	2.5637e+06
1015	1	0.	0.1	2.5764e+06
1016	1	0.025	0.	1.9326e+06
1017	1	0.025	0.025	1.9494e+06
1018	1	0.025	0.05	1.9443e+06
1019	1	0.025	0.075	1.9433e+06
1020	1	0.025	0.1	1.9582e+06
1021	1	0.05	0.	0.0000e+00
1022	1	0.05	0.025	0.0000e+00
1023	1	0.05	0.05	0.0000e+00
1024	1	0.05	0.075	0.0000e+00
1025	1	0.05	0.1	0.0000e+00
