Node Number	X Location (m)	Y Location (m)	Z Location (m)	Normal Stress (Pa)
1	0.	-0.05	0.	4.7898e+07
2	0.	-0.05	0.025	4.7776e+07
3	0.	-0.05	0.05	4.8171e+07
4	0.	-0.05	0.075	4.7985e+07
5	0.	-0.05	0.1	4.7941e+07
6	0.	-0.025	0.	1.6874e+08
7	0.	-0.025	0.025	1.6992e+08
8	0.	-0.025	0.05	1.6828e+08
9	0.	-0.025	0.075	1.6618e+08
10	0.	-0.025	0.1	1.6643e+08
11	0.	0.	0.	2.8812e+08
12	0.	0.	0.025	2.8977e+08
13	0.	0.	0.05	2.8823e+08
14	0.	0.	0.075	2.8888e+08
15	0.	0.	0.1	2.8790e+08
16	0.	0.025	0.	4.1036e+08
17	0.	0.025	0.025	4.0951e+08
18	0.	0.025	0.05	4.0550e+08
19	0.	0.025	0.075	4.0910e+08
20	0.	0.025	0.1	4.0422e+08
21	0.	0.05	0.	5.2942e+08
22	0.	0.05	0.025	5.2711e+08
23	0.	0.05	0.05	5.2851e+08
24	0.	0.05	0.075	5.2903e+08
25	0.	0.05	0.1	5.2889e+08
26	0.025	-0.05	0.	5.4459e+07
27	0.025	-0.05	0.025	5.4011e+07
28	0.025	-0.05	0.05	5.4061e+07
29	0.025	-0.05	0.075	5.4431e+07
30	0.025	-0.05	0.1	5.4615e+07
31	0.025	-0.025	0.	1.7098e+08
32	0.025	-0.025	0.025	1.7047e+08
33	0.025	-0.025	0.05	1.7053e+08
34	0.025	-0.025	0.075	1.7146e+08
35	0.025	-0.025	0.1	1.7079e+08
36	0.025	0.	0.	2.8498e+08
37	0.025	0.	0.025	2.8994e+08
38	0.025	0.	0.05	2.8941e+08
39	0.025	0.	0.075	2.8998e+08
40	0.025	0.	0.1	2.9032e+08
41	0.025	0.025	0.	4.0546e+08
42	0.025	0.025	0.025	4.0563e+08
43	0.025	0.025	0.05	4.0745e+08
44	0.025	0.025	0.075	4.0205e+08
45	0.025	0.025	0.1	4.0414e+08
46	0.025	0.05	0.	5.2181e+08
47	0.025	0.05	0.025	5.2489e+08
48	0.025	0.05	0.05	5.2031e+08
49	0.025	0.05	0.075	5.1977e+08
50	0.025	0.05	0.1	5.2065e+08
51	0.05	-0.05	0.	6.0169e+07
52	0.05	-0.05	0.025	5.9975e+07
53	0.05	-0.05	0.05	5.9478e+07
54	0.05	-0.05	0.075	5.9549e+07
55	0.05	-0.05	0.1	6.0049e+07
56	0.05	-0.025	0.	1.7418e+08
57	0.05	-0.025	0.025	1.7403e+08
58	0.05	-0.025	0.05	1.7351e+08
59	0.05	-0.025	0.075	1.7482e+08
60	0.05	-0.025	0.1	1.7439e+08
61	0.05	0.	0.	2.8858e+08
62	0.05	0.	0.025	2.8864e+08
63	0.05	0.	0.05	2.9076e+08
64	0.05	0.	0.075	2.8623e+08
65	0.05	0.	0.1	2.8727e+08
66	0.05	0.025	0.	4.0119e+08
67	0.05	0.025	0.025	4.0503e+08
68	0.05	0.025	0.05	4.0110e+08
69	0.05	0.025	0.075	4.0009e+08
70	0.05	0.025	0.1	4.0174e+08
71	0.05	0.05	0.	5.1632e+08
72	0.05	0.05	0.025	5.1970e+08
73	0.05	0.05	0.05	5.1482e+08
74	0.05	0.05	0.075	5.1387e+08
75	0.05	0.05	0.1	5.1318e+08
76	0.075	-0.05	0.	6.5864e+07
77	0.075	-0.05	0.025	6.7015e+07
78	0.075	-0.05	0.05	6.6151e+07
79	0.075	-0.05	0.075	6.6237e+07
80	0.075	-0.05	0.1	6.6000e+07
81	0.075	-0.025	0.	1.7715e+08
82	0.075	-0.025	0.025	1.7784e+08
83	0.075	-0.025	0.05	1.7760e+08
84	0.075	-0.025	0.075	1.7737e+08
85	0.075	-0.025	0.1	1.7702e+08
86	0.075	0.	0.	2.8739e+08
87	0.075	0.	0.025	2.8873e+08
88	0.075	0.	0.05	2.8814e+08
89	0.075	0.	0.075	2.9169e+08
90	0.075	0.	0.1	2.8982e+08
91	0.075	0.025	0.	3.9739e+08
92	0.075	0.025	0.025	3.9620e+08
93	0.075	0.025	0.05	3.9805e+08
94	0.075	0.025	0.075	3.9641e+08
95	0.075	0.025	0.1	3.9790e+08
96	0.075	0.05	0.	5.0703e+08
97	0.075	0.05	0.025	5.0900e+08
98	0.075	0.05	0.05	5.0904e+08
99	0.075	0.05	0.075	5.1045e+08
100	0.075	0.05	0.1	5.0937e+08
101	0.1	-0.05	0.	7.1610e+07
102	0.1	-0.05	0.025	7.2525e+07
103	0.1	-0.05	0.05	7.2174e+07
104	0.1	-0.05	0.075	7.1765e+07
105	0.1	-0.05	0.1	7.1617e+07
106	0.1	-0.025	0.	1.7842e+08
107	0.1	-0.025	0.025	1.7834e+08
108	0.1	-0.025	0.05	1.8113e+08
109	0.1	-0.025	0.075	1.8102e+08
110	0.1	-0.025	0.1	1.7937e+08
111	0.1	0.	0.	2.9036e+08
112	0.1	0.	0.025	2.8907e+08
113	0.1	0.	0.05	2.8835e+08
114	0.1	0.	0.075	2.8949e+08
115	0.1	0.	0.1	2.8907e+08
116	0.1	0.025	0.	3.9637e+08
117	0.1	0.025	0.025	3.9543e+08
118	0.1	0.025	0.05	3.9575e+08
119	0.1	0.025	0.075	3.9218e+08
120	0.1	0.025	0.1	3.9410e+08
121	0.1	0.05	0.	5.0944e+08
122	0.1	0.05	0.025	5.0150e+08
123	0.1	0.05	0.05	4.9840e+08
124	0.1	0.05	0.075	5.0673e+08
125	0.1	0.05	0.1	5.0475e+08
126	0.125	-0.05	0.	7.8143e+07
127	0.125	-0.05	0.025	7.7926e+07
128	0.125	-0.05	0.05	7.8426e+07
129	0.125	-0.05	0.075	7.8716e+07
130	0.125	-0.05	0.1	7.7756e+07
131	0.125	-0.025	0.	1.8369e+08
132	0.125	-0.025	0.025	1.8423e+08
133	0.125	-0.025	0.05	1.8237e+08
134	0.125	-0.025	0.075	1.8466e+08
135	0.125	-0.025	0.1	1.8422e+08
136	0.125	0.	0.	2.8585e+08
137	0.125	0.	0.025	2.9076e+08
138	0.125	0.	0.05	2.8594e+08
139	0.125	0.	0.075	2.8681e+08
140	0.125	0.	0.1	2.8918e+08
141	0.125	0.025	0.	3.9546e+08
142	0.125	0.025	0.025	3.9323e+08
143	0.125	0.025	0.05	3.9151e+08
144	0.125	0.025	0.075	3.9239e+08
145	0.125	0.025	0.1	3.9211e+08
146	0.125	0.05	0.	5.0051e+08
147	0.125	0.05	0.025	4.9679e+08
148	0.125	0.05	0.05	4.9605e+08
149	0.125	0.05	0.075	4.9359e+08
150	0.125	0.05	0.1	4.9622e+08
151	0.15	-0.05	0.	8.3940e+07
152	0.15	-0.05	0.025	8.3430e+07
153	0.15	-0.05	0.05	8.3121e+07
154	0.15	-0.05	0.075	8.4494e+07
155	0.15	-0.05	0.1	8.3496e+07
156	0.15	-0.025	0.	1.8454e+08
157	0.15	-0.025	0.025	1.8775e+08
158	0.15	-0.025	0.05	1.8695e+08
159	0.15	-0.025	0.075	1.8714e+08
160	0.15	-0.025	0.1	1.8656e+08
161	0.15	0.	0.	2.9027e+08
162	0.15	0.	0.025	2.8953e+08
163	0.15	0.	0.05	2.8740e+08
164	0.15	0.	0.075	2.8616e+08
165	0.15	0.	0.1	2.8578e+08
166	0.15	0.025	0.	3.8967e+08
167	0.15	0.025	0.025	3.8743e+08
168	0.15	0.025	0.05	3.8813e+08
169	0.15	0.025	0.075	3.8964e+08
170	0.15	0.025	0.1	3.9327e+08
171	0.15	0.05	0.	4.8754e+08
172	0.15	0.05	0.025	4.9209e+08
173	0.15	0.05	0.05	4.8831e+08
174	0.15	0.05	0.075	4.9036e+08
175	0.15	0.05	0.1	4.9474e+08
176	0.175	-0.05	0.	8.9542e+07
177	0.175	-0.05	0.025	8.9858e+07
178	0.175	-0.05	0.05	9.0076e+07
179	0.175	-0.05	0.075	9.0379e+07
180	0.175	-0.05	0.1	8.9704e+07
181	0.175	-0.025	0.	1.9043e+08
182	0.175	-0.025	0.025	1.8850e+08
183	0.175	-0.025	0.05	1.8955e+08
184	0.175	-0.025	0.075	1.8878e+08
185	0.175	-0.025	0.1	1.8984e+08
186	0.175	0.	0.	2.9150e+08
187	0.175	0.	0.025	2.8752e+08
188	0.175	0.	0.05	2.8797e+08
189	0.175	0.	0.075	2.8725e+08
190	0.175	0.	0.1	2.8699e+08
191	0.175	0.025	0.	3.8538e+08
192	0.175	0.025	0.025	3.8696e+08
193	0.175	0.025	0.05	3.8520e+08
194	0.175	0.025	0.075	3.8527e+08
195	0.175	0.025	0.1	3.7965e+08
196	0.175	0.05	0.	4.9004e+08
197	0.175	0.05	0.025	4.9079e+08
198	0.175	0.05	0.05	4.8789e+08
199	0.175	0.05	0.075	4.8345e+08
200	0.175	0.05	0.1	4.8232e+08
201	0.2	-0.05	0.	9.5099e+07
202	0.2	-0.05	0.025	9.6368e+07
203	0.2	-0.05	0.05	9.6729e+07
204	0.2	-0.05	0.075	9.6096e+07
205	0.2	-0.05	0.1	9.6494e+07
206	0.2	-0.025	0.	1.9251e+08
207	0.2	-0.025	0.025	1.9111e+08
208	0.2	-0.025	0.05	1.9316e+08
209	0.2	-0.025	0.075	1.9309e+08
210	0.2	-0.025	0.1	1.9086e+08
211	0.2	0.	0.	2.8939e+08
212	0.2	0.	0.025	2.8774e+08
213	0.2	0.	0.05	2.8755e+08
214	0.2	0.	0.075	2.8867e+08
215	0.2	0.	0.1	2.8862e+08
216	0.2	0.025	0.	3.8605e+08
217	0.2	0.025	0.025	3.8204e+08
218	0.2	0.025	0.05	3.8530e+08
219	0.2	0.025	0.075	3.8133e+08
220	0.2	0.025	0.1	3.8359e+08
221	0.2	0.05	0.	4.7968e+08
222	0.2	0.05	0.025	4.8279e+08
223	0.2	0.05	0.05	4.8003e+08
224	0.2	0.05	0.075	4.7925e+08
225	0.2	0.05	0.1	4.8411e+08
226	0.225	-0.05	0.	1.0174e+08
227	0.225	-0.05	0.025	1.0171e+08
228	0.225	-0.05	0.05	1.0085e+08
229	0.225	-0.05	0.075	1.0187e+08
230	0.225	-0.05	0.1	1.0142e+08
231	0.225	-0.025	0.	1.9471e+08
232	0.225	-0.025	0.025	1.9528e+08
233	0.225	-0.025	0.05	1.9373e+08
234	0.225	-0.025	0.075	1.9404e+08
235	0.225	-0.025	0.1	1.9313e+08
236	0.225	0.	0.	2.8712e+08
237	0.225	0.	0.025	2.8637e+08
238	0.225	0.	0.05	2.9171e+08
239	0.225	0.	0.075	2.9060e+08
240	0.225	0.	0.1	2.9032e+08
241	0.225	0.025	0.	3.7804e+08
242	0.225	0.025	0.025	3.8059e+08
243	0.225	0.025	0.05	3.7825e+08
244	0.225	0.025	0.075	3.8521e+08
245	0.225	0.025	0.1	3.8290e+08
246	0.225	0.05	0.	4.7101e+08
247	0.225	0.05	0.025	4.7505e+08
248	0.225	0.05	0.05	4.6978e+08
249	0.225	0.05	0.075	4.7361e+08
250	0.225	0.05	0.1	4.7350e+08
251	0.25	-0.05	0.	1.0848e+08
252	0.25	-0.05	0.025	1.0864e+08
253	0.25	-0.05	0.05	1.0801e+08
254	0.25	-0.05	0.075	1.0785e+08
255	0.25	-0.05	0.1	1.0590e+08
256	0.25	-0.025	0.	1.9986e+08
257	0.25	-0.025	0.025	1.9722e+08
258	0.25	-0.025	0.05	1.9812e+08
259	0.25	-0.025	0.075	2.0068e+08
260	0.25	-0.025	0.1	1.9658e+08
261	0.25	0.	0.	2.8804e+08
262	0.25	0.	0.025	2.8886e+08
263	0.25	0.	0.05	2.8989e+08
264	0.25	0.	0.075	2.8800e+08
265	0.25	0.	0.1	2.9003e+08
266	0.25	0.025	0.	3.7706e+08
267	0.25	0.025	0.025	3.7923e+08
268	0.25	0.025	0.05	3.7894e+08
269	0.25	0.025	0.075	3.7779e+08
270	0.25	0.025	0.1	3.7873e+08
271	0.25	0.05	0.	4.6554e+08
272	0.25	0.05	0.025	4.6716e+08
273	0.25	0.05	0.05	4.6439e+08
274	0.25	0.05	0.075	4.6676e+08
275	0.25	0.05	0.1	4.7120e+08
276	0.275	-0.05	0.	1.1429e+08
277	0.275	-0.05	0.025	1.1421e+08
278	0.275	-0.05	0.05	1.1291e+08
279	0.275	-0.05	0.075	1.1422e+08
280	0.275	-0.05	0.1	1.1396e+08
281	0.275	-0.025	0.	2.0165e+08
282	0.275	-0.025	0.025	2.0267e+08
283	0.275	-0.025	0.05	2.0051e+08
284	0.275	-0.025	0.075	2.0062e+08
285	0.275	-0.025	0.1	2.0211e+08
286	0.275	0.	0.	2.8696e+08
287	0.275	0.	0.025	2.8815e+08
288	0.275	0.	0.05	2.8455e+08
289	0.275	0.	0.075	2.8747e+08
290	0.275	0.	0.1	2.9026e+08
291	0.275	0.025	0.	3.7575e+08
292	0.275	0.025	0.025	3.7702e+08
293	0.275	0.025	0.05	3.7715e+08
294	0.275	0.025	0.075	3.7804e+08
295	0.275	0.025	0.1	3.7422e+08
296	0.275	0.05	0.	4.6461e+08
297	0.275	0.05	0.025	4.6823e+08
298	0.275	0.05	0.05	4.6193e+08
299	0.275	0.05	0.075	4.5834e+08
300	0.275	0.05	0.1	4.6035e+08
301	0.3	-0.05	0.	1.2034e+08
302	0.3	-0.05	0.025	1.1880e+08
303	0.3	-0.05	0.05	1.1945e+08
304	0.3	-0.05	0.075	1.1976e+08
305	0.3	-0.05	0.1	1.2008e+08
306	0.3	-0.025	0.	2.0620e+08
307	0.3	-0.025	0.025	2.0484e+08
308	0.3	-0.025	0.05	2.0264e+08
309	0.3	-0.025	0.075	2.0873e+08
310	0.3	-0.025	0.1	2.0398e+08
311	0.3	0.	0.	2.8510e+08
312	0.3	0.	0.025	2.8621e+08
313	0.3	0.	0.05	2.8622e+08
314	0.3	0.	0.075	2.8567e+08
315	0.3	0.	0.1	2.8889e+08
316	0.3	0.025	0.	3.6605e+08
317	0.3	0.025	0.025	3.7419e+08
318	0.3	0.025	0.05	3.7382e+08
319	0.3	0.025	0.075	3.7098e+08
320	0.3	0.025	0.1	3.7404e+08
321	0.3	0.05	0.	4.5301e+08
322	0.3	0.05	0.025	4.5370e+08
323	0.3	0.05	0.05	4.5750e+08
324	0.3	0.05	0.075	4.5543e+08
325	0.3	0.05	0.1	4.5429e+08
326	0.325	-0.05	0.	1.2591e+08
327	0.325	-0.05	0.025	1.2700e+08
328	0.325	-0.05	0.05	1.2697e+08
329	0.325	-0.05	0.075	1.2632e+08
330	0.325	-0.05	0.1	1.2573e+08
331	0.325	-0.025	0.	2.0765e+08
332	0.325	-0.025	0.025	2.0593e+08
333	0.325	-0.025	0.05	2.0845e+08
334	0.325	-0.025	0.075	2.0818e+08
335	0.325	-0.025	0.1	2.0940e+08
336	0.325	0.	0.	2.8661e+08
337	0.325	0.	0.025	2.8640e+08
338	0.325	0.	0.05	2.8895e+08
339	0.325	0.	0.075	2.8753e+08
340	0.325	0.	0.1	2.8973e+08
341	0.325	0.025	0.	3.7192e+08
342	0.325	0.025	0.025	3.7277e+08
343	0.325	0.025	0.05	3.6913e+08
344	0.325	0.025	0.075	3.7095e+08
345	0.325	0.025	0.1	3.6786e+08
346	0.325	0.05	0.	4.5059e+08
347	0.325	0.05	0.025	4.4986e+08
348	0.325	0.05	0.05	4.4971e+08
349	0.325	0.05	0.075	4.5492e+08
350	0.325	0.05	0.1	4.4638e+08
351	0.35	-0.05	0.	1.3200e+08
352	0.35	-0.05	0.025	1.3204e+08
353	0.35	-0.05	0.05	1.3251e+08
354	0.35	-0.05	0.075	1.3113e+08
355	0.35	-0.05	0.1	1.3176e+08
356	0.35	-0.025	0.	2.0925e+08
357	0.35	-0.025	0.025	2.0716e+08
358	0.35	-0.025	0.05	2.1146e+08
359	0.35	-0.025	0.075	2.0815e+08
360	0.35	-0.025	0.1	2.0798e+08
361	0.35	0.	0.	2.8964e+08
362	0.35	0.	0.025	2.8742e+08
363	0.35	0.	0.05	2.8748e+08
364	0.35	0.	0.075	2.8751e+08
365	0.35	0.	0.1	2.8986e+08
366	0.35	0.025	0.	3.6479e+08
367	0.35	0.025	0.025	3.6731e+08
368	0.35	0.025	0.05	3.6349e+08
369	0.35	0.025	0.075	3.6672e+08
370	0.35	0.025	0.1	3.6798e+08
371	0.35	0.05	0.	4.4774e+08
372	0.35	0.05	0.025	4.3987e+08
373	0.35	0.05	0.05	4.4321e+08
374	0.35	0.05	0.075	4.4826e+08
375	0.35	0.05	0.1	4.4646e+08
376	0.375	-0.05	0.	1.3784e+08
377	0.375	-0.05	0.025	1.3800e+08
378	0.375	-0.05	0.05	1.3825e+08
379	0.375	-0.05	0.075	1.3769e+08
380	0.375	-0.05	0.1	1.3845e+08
381	0.375	-0.025	0.	2.1363e+08
382	0.375	-0.025	0.025	2.1158e+08
383	0.375	-0.025	0.05	2.1237e+08
384	0.375	-0.025	0.075	2.1242e+08
385	0.375	-0.025	0.1	2.1267e+08
386	0.375	0.	0.	2.8847e+08
387	0.375	0.	0.025	2.8831e+08
388	0.375	0.	0.05	2.8676e+08
389	0.375	0.	0.075	2.9032e+08
390	0.375	0.	0.1	2.8801e+08
391	0.375	0.025	0.	3.6619e+08
392	0.375	0.025	0.025	3.6614e+08
393	0.375	0.025	0.05	3.6069e+08
394	0.375	0.025	0.075	3.6193e+08
395	0.375	0.025	0.1	3.6209e+08
396	0.375	0.05	0.	4.3882e+08
397	0.375	0.05	0.025	4.3991e+08
398	0.375	0.05	0.05	4.3839e+08
399	0.375	0.05	0.075	4.3655e+08
400	0.375	0.05	0.1	4.4234e+08
401	0.4	-0.05	0.	1.4362e+08
402	0.4	-0.05	0.025	1.4464e+08
403	0.4	-0.05	0.05	1.4397e+08
404	0.4	-0.05	0.075	1.4394e+08
405	0.4	-0.05	0.1	1.4458e+08
406	0.4	-0.025	0.	2.1800e+08
407	0.4	-0.025	0.025	2.1640e+08
408	0.4	-0.025	0.05	2.1537e+08
409	0.4	-0.025	0.075	2.1792e+08
410	0.4	-0.025	0.1	2.1664e+08
411	0.4	0.	0.	2.8829e+08
412	0.4	0.	0.025	2.8978e+08
413	0.4	0.	0.05	2.8856e+08
414	0.4	0.	0.075	2.9225e+08
415	0.4	0.	0.1	2.8800e+08
416	0.4	0.025	0.	3.6248e+08
417	0.4	0.025	0.025	3.6095e+08
418	0.4	0.025	0.05	3.6095e+08
419	0.4	0.025	0.075	3.5922e+08
420	0.4	0.025	0.1	3.5923e+08
421	0.4	0.05	0.	4.3329e+08
422	0.4	0.05	0.025	4.2975e+08
423	0.4	0.05	0.05	4.3051e+08
424	0.4	0.05	0.075	4.3204e+08
425	0.4	0.05	0.1	4.3522e+08
426	0.425	-0.05	0.	1.5007e+08
427	0.425	-0.05	0.025	1.5006e+08
428	0.425	-0.05	0.05	1.4905e+08
429	0.425	-0.05	0.075	1.5153e+08
430	0.425	-0.05	0.1	1.5100e+08
431	0.425	-0.025	0.	2.2060e+08
432	0.425	-0.025	0.025	2.1709e+08
433	0.425	-0.025	0.05	2.1946e+08
434	0.425	-0.025	0.075	2.1777e+08
435	0.425	-0.025	0.1	2.2001e+08
436	0.425	0.	0.	2.8856e+08
437	0.425	0.	0.025	2.8890e+08
438	0.425	0.	0.05	2.8676e+08
439	0.425	0.	0.075	2.8620e+08
440	0.425	0.	0.1	2.8689e+08
441	0.425	0.025	0.	3.5766e+08
442	0.425	0.025	0.025	3.5648e+08
443	0.425	0.025	0.05	3.5754e+08
444	0.425	0.025	0.075	3.5481e+08
445	0.425	0.025	0.1	3.5699e+08
446	0.425	0.05	0.	4.2957e+08
447	0.425	0.05	0.025	4.2685e+08
448	0.425	0.05	0.05	4.2701e+08
449	0.425	0.05	0.075	4.2703e+08
450	0.425	0.05	0.1	4.2469e+08
451	0.45	-0.05	0.	1.5753e+08
452	0.45	-0.05	0.025	1.5633e+08
453	0.45	-0.05	0.05	1.5617e+08
454	0.45	-0.05	0.075	1.5664e+08
455	0.45	-0.05	0.1	1.5688e+08
456	0.45	-0.025	0.	2.2034e+08
457	0.45	-0.025	0.025	2.2208e+08
458	0.45	-0.025	0.05	2.2498e+08
459	0.45	-0.025	0.075	2.2420e+08
460	0.45	-0.025	0.1	2.2186e+08
461	0.45	0.	0.	2.8926e+08
462	0.45	0.	0.025	2.8744e+08
463	0.45	0.	0.05	2.8861e+08
464	0.45	0.	0.075	2.8721e+08
465	0.45	0.	0.1	2.8718e+08
466	0.45	0.025	0.	3.5274e+08
467	0.45	0.025	0.025	3.5757e+08
468	0.45	0.025	0.05	3.5298e+08
469	0.45	0.025	0.075	3.5643e+08
470	0.45	0.025	0.1	3.5308e+08
471	0.45	0.05	0.	4.1862e+08
472	0.45	0.05	0.025	4.2098e+08
473	0.45	0.05	0.05	4.1673e+08
474	0.45	0.05	0.075	4.2167e+08
475	0.45	0.05	0.1	4.1966e+08
476	0.475	-0.05	0.	1.6146e+08
477	0.475	-0.05	0.025	1.6126e+08
478	0.475	-0.05	0.05	1.6392e+08
479	0.475	-0.05	0.075	1.6197e+08
480	0.475	-0.05	0.1	1.6193e+08
481	0.475	-0.025	0.	2.2618e+08
482	0.475	-0.025	0.025	2.2386e+08
483	0.475	-0.025	0.05	2.2653e+08
484	0.475	-0.025	0.075	2.2495e+08
485	0.475	-0.025	0.1	2.2313e+08
486	0.475	0.	0.	2.8708e+08
487	0.475	0.	0.025	2.8611e+08
488	0.475	0.	0.05	2.8814e+08
489	0.475	0.	0.075	2.8663e+08
490	0.475	0.	0.1	2.8644e+08
491	0.475	0.025	0.	3.5162e+08
492	0.475	0.025	0.025	3.5109e+08
493	0.475	0.025	0.05	3.5355e+08
494	0.475	0.025	0.075	3.5345e+08
495	0.475	0.025	0.1	3.5113e+08
496	0.475	0.05	0.	4.1524e+08
497	0.475	0.05	0.025	4.1050e+08
498	0.475	0.05	0.05	4.1573e+08
499	0.475	0.05	0.075	4.1502e+08
500	0.475	0.05	0.1	4.1637e+08
501	0.5	-0.05	0.	1.6769e+08
502	0.5	-0.05	0.025	1.6770e+08
503	0.5	-0.05	0.05	1.6771e+08
504	0.5	-0.05	0.075	1.6945e+08
505	0.5	-0.05	0.1	1.6829e+08
506	0.5	-0.025	0.	2.2595e+08
507	0.5	-0.025	0.025	2.2888e+08
508	0.5	-0.025	0.05	2.2737e+08
509	0.5	-0.025	0.075	2.2948e+08
510	0.5	-0.025	0.1	2.2874e+08
511	0.5	0.	0.	2.9014e+08
512	0.5	0.	0.025	2.8980e+08
513	0.5	0.	0.05	2.8962e+08
514	0.5	0.	0.075	2.8996e+08
515	0.5	0.	0.1	2.8941e+08
516	0.5	0.025	0.	3.4655e+08
517	0.5	0.025	0.025	3.4561e+08
518	0.5	0.025	0.05	3.4627e+08
519	0.5	0.025	0.075	3.4953e+08
520	0.5	0.025	0.1	3.4336e+08
521	0.5	0.05	0.	4.0796e+08
522	0.5	0.05	0.025	4.0735e+08
523	0.5	0.05	0.05	4.1100e+08
524	0.5	0.05	0.075	4.0771e+08
525	0.5	0.05	0.1	4.0710e+08
526	0.525	-0.05	0.	1.7537e+08
527	0.525	-0.05	0.025	1.7390e+08
528	0.525	-0.05	0.05	1.7374e+08
529	0.525	-0.05	0.075	1.7349e+08
530	0.525	-0.05	0.1	1.7430e+08
531	0.525	-0.025	0.	2.3054e+08
532	0.525	-0.025	0.025	2.3055e+08
533	0.525	-0.025	0.05	2.3301e+08
534	0.525	-0.025	0.075	2.3107e+08
535	0.525	-0.025	0.1	2.3038e+08
536	0.525	0.	0.	2.8628e+08
537	0.525	0.	0.025	2.8834e+08
538	0.525	0.	0.05	2.8703e+08
539	0.525	0.	0.075	2.8736e+08
540	0.525	0.	0.1	2.8653e+08
541	0.525	0.025	0.	3.4541e+08
542	0.525	0.025	0.025	3.4230e+08
543	0.525	0.025	0.05	3.4585e+08
544	0.525	0.025	0.075	3.4387e+08
545	0.525	0.025	0.1	3.4648e+08
546	0.525	0.05	0.	4.0317e+08
547	0.525	0.05	0.025	4.0225e+08
548	0.525	0.05	0.05	4.0404e+08
549	0.525	0.05	0.075	4.0576e+08
550	0.525	0.05	0.1	4.0506e+08
551	0.55	-0.05	0.	1.7858e+08
552	0.55	-0.05	0.025	1.7935e+08
553	0.55	-0.05	0.05	1.7948e+08
554	0.55	-0.05	0.075	1.8069e+08
555	0.55	-0.05	0.1	1.7944e+08
556	0.55	-0.025	0.	2.3321e+08
557	0.55	-0.025	0.025	2.3297e+08
558	0.55	-0.025	0.05	2.3442e+08
559	0.55	-0.025	0.075	2.3489e+08
560	0.55	-0.025	0.1	2.3230e+08
561	0.55	0.	0.	2.8711e+08
562	0.55	0.	0.025	2.8473e+08
563	0.55	0.	0.05	2.8387e+08
564	0.55	0.	0.075	2.8884e+08
565	0.55	0.	0.1	2.8855e+08
566	0.55	0.025	0.	3.4235e+08
567	0.55	0.025	0.025	3.4526e+08
568	0.55	0.025	0.05	3.3856e+08
569	0.55	0.025	0.075	3.3773e+08
570	0.55	0.025	0.1	3.3969e+08
571	0.55	0.05	0.	3.9096e+08
572	0.55	0.05	0.025	3.9454e+08
573	0.55	0.05	0.05	3.9738e+08
574	0.55	0.05	0.075	3.9670e+08
575	0.55	0.05	0.1	3.9844e+08
576	0.575	-0.05	0.	1.8641e+08
577	0.575	-0.05	0.025	1.8555e+08
578	0.575	-0.05	0.05	1.8541e+08
579	0.575	-0.05	0.075	1.8649e+08
580	0.575	-0.05	0.1	1.8429e+08
581	0.575	-0.025	0.	2.3248e+08
582	0.575	-0.025	0.025	2.3755e+08
583	0.575	-0.025	0.05	2.3733e+08
584	0.575	-0.025	0.075	2.3923e+08
585	0.575	-0.025	0.1	2.3799e+08
586	0.575	0.	0.	2.8853e+08
587	0.575	0.	0.025	2.8746e+08
588	0.575	0.	0.05	2.8660e+08
589	0.575	0.	0.075	2.8752e+08
590	0.575	0.	0.1	2.8965e+08
591	0.575	0.025	0.	3.3994e+08
592	0.575	0.025	0.025	3.4090e+08
593	0.575	0.025	0.05	3.3922e+08
594	0.575	0.025	0.075	3.3717e+08
595	0.575	0.025	0.1	3.4136e+08
596	0.575	0.05	0.	3.9250e+08
597	0.575	0.05	0.025	3.9043e+08
598	0.575	0.05	0.05	3.9130e+08
599	0.575	0.05	0.075	3.9117e+08
600	0.575	0.05	0.1	3.8890e+08
601	0.6	-0.05	0.	1.9170e+08
602	0.6	-0.05	0.025	1.9095e+08
603	0.6	-0.05	0.05	1.9170e+08
604	0.6	-0.05	0.075	1.9319e+08
605	0.6	-0.05	0.1	1.9297e+08
606	0.6	-0.025	0.	2.4080e+08
607	0.6	-0.025	0.025	2.4138e+08
608	0.6	-0.025	0.05	2.3947e+08
609	0.6	-0.025	0.075	2.3831e+08
610	0.6	-0.025	0.1	2.3977e+08
611	0.6	0.	0.	2.8787e+08
612	0.6	0.	0.025	2.8917e+08
613	0.6	0.	0.05	2.8888e+08
614	0.6	0.	0.075	2.8975e+08
615	0.6	0.	0.1	2.8452e+08
616	0.6	0.025	0.	3.3439e+08
617	0.6	0.025	0.025	3.3582e+08
618	0.6	0.025	0.05	3.3697e+08
619	0.6	0.025	0.075	3.4022e+08
620	0.6	0.025	0.1	3.3403e+08
621	0.6	0.05	0.	3.8236e+08
622	0.6	0.05	0.025	3.8302e+08
623	0.6	0.05	0.05	3.8228e+08
624	0.6	0.05	0.075	3.8195e+08
625	0.6	0.05	0.1	3.8411e+08
626	0.625	-0.05	0.	1.9917e+08
627	0.625	-0.05	0.025	1.9814e+08
628	0.625	-0.05	0.05	1.9698e+08
629	0.625	-0.05	0.075	1.9777e+08
630	0.625	-0.05	0.1	1.9677e+08
631	0.625	-0.025	0.	2.4443e+08
632	0.625	-0.025	0.025	2.4514e+08
633	0.625	-0.025	0.05	2.4067e+08
634	0.625	-0.025	0.075	2.4333e+08
635	0.625	-0.025	0.1	2.4187e+08
636	0.625	0.	0.	2.8811e+08
637	0.625	0.	0.025	2.8785e+08
638	0.625	0.	0.05	2.8568e+08
639	0.625	0.	0.075	2.9009e+08
640	0.625	0.	0.1	2.8774e+08
641	0.625	0.025	0.	3.3206e+08
642	0.625	0.025	0.025	3.3323e+08
643	0.625	0.025	0.05	3.3126e+08
644	0.625	0.025	0.075	3.3263e+08
645	0.625	0.025	0.1	3.2933e+08
646	0.625	0.05	0.	3.7265e+08
647	0.625	0.05	0.025	3.7580e+08
648	0.625	0.05	0.05	3.7679e+08
649	0.625	0.05	0.075	3.7402e+08
650	0.625	0.05	0.1	3.7687e+08
651	0.65	-0.05	0.	2.0335e+08
652	0.65	-0.05	0.025	2.0392e+08
653	0.65	-0.05	0.05	2.0475e+08
654	0.65	-0.05	0.075	2.0610e+08
655	0.65	-0.05	0.1	2.0452e+08
656	0.65	-0.025	0.	2.4455e+08
657	0.65	-0.025	0.025	2.4698e+08
658	0.65	-0.025	0.05	2.4807e+08
659	0.65	-0.025	0.075	2.4435e+08
660	0.65	-0.025	0.1	2.4443e+08
661	0.65	0.	0.	2.8554e+08
662	0.65	0.	0.025	2.8702e+08
663	0.65	0.	0.05	2.8864e+08
664	0.65	0.	0.075	2.9056e+08
665	0.65	0.	0.1	2.8954e+08
666	0.65	0.025	0.	3.3076e+08
667	0.65	0.025	0.025	3.3009e+08
668	0.65	0.025	0.05	3.3078e+08
669	0.65	0.025	0.075	3.3089e+08
670	0.65	0.025	0.1	3.3258e+08
671	0.65	0.05	0.	3.7195e+08
672	0.65	0.05	0.025	3.7258e+08
673	0.65	0.05	0.05	3.7109e+08
674	0.65	0.05	0.075	3.7225e+08
675	0.65	0.05	0.1	3.7143e+08
676	0.675	-0.05	0.	2.0850e+08
677	0.675	-0.05	0.025	2.1110e+08
678	0.675	-0.05	0.05	2.1188e+08
679	0.675	-0.05	0.075	2.0995e+08
680	0.675	-0.05	0.1	2.1042e+08
681	0.675	-0.025	0.	2.5029e+08
682	0.675	-0.025	0.025	2.4879e+08
683	0.675	-0.025	0.05	2.4928e+08
684	0.675	-0.025	0.075	2.4868e+08
685	0.675	-0.025	0.1	2.4818e+08
686	0.675	0.	0.	2.8890e+08
687	0.675	0.	0.025	2.8889e+08
688	0.675	0.	0.05	2.8959e+08
689	0.675	0.	0.075	2.8799e+08
690	0.675	0.	0.1	2.8593e+08
691	0.675	0.025	0.	3.2917e+08
692	0.675	0.025	0.025	3.2556e+08
693	0.675	0.025	0.05	3.2552e+08
694	0.675	0.025	0.075	3.2596e+08
695	0.675	0.025	0.1	3.2358e+08
696	0.675	0.05	0.	3.6552e+08
697	0.675	0.05	0.025	3.6736e+08
698	0.675	0.05	0.05	3.6505e+08
699	0.675	0.05	0.075	3.6894e+08
700	0.675	0.05	0.1	3.6880e+08
701	0.7	-0.05	0.	2.1715e+08
702	0.7	-0.05	0.025	2.1349e+08
703	0.7	-0.05	0.05	2.1786e+08
704	0.7	-0.05	0.075	2.1569e+08
705	0.7	-0.05	0.1	2.1818e+08
706	0.7	-0.025	0.	2.5109e+08
707	0.7	-0.025	0.025	2.5179e+08
708	0.7	-0.025	0.05	2.5214e+08
709	0.7	-0.025	0.075	2.5059e+08
710	0.7	-0.025	0.1	2.4955e+08
711	0.7	0.	0.	2.8386e+08
712	0.7	0.	0.025	2.9310e+08
713	0.7	0.	0.05	2.8512e+08
714	0.7	0.	0.075	2.8514e+08
715	0.7	0.	0.1	2.8899e+08
716	0.7	0.025	0.	3.2123e+08
717	0.7	0.025	0.025	3.2087e+08
718	0.7	0.025	0.05	3.1841e+08
719	0.7	0.025	0.075	3.2457e+08
720	0.7	0.025	0.1	3.2192e+08
721	0.7	0.05	0.	3.6139e+08
722	0.7	0.05	0.025	3.5984e+08
723	0.7	0.05	0.05	3.6018e+08
724	0.7	0.05	0.075	3.5902e+08
725	0.7	0.05	0.1	3.5940e+08
726	0.725	-0.05	0.	2.2081e+08
727	0.725	-0.05	0.025	2.2093e+08
728	0.725	-0.05	0.05	2.2054e+08
729	0.725	-0.05	0.075	2.2402e+08
730	0.725	-0.05	0.1	2.2147e+08
731	0.725	-0.025	0.	2.5153e+08
732	0.725	-0.025	0.025	2.5540e+08
733	0.725	-0.025	0.05	2.5377e+08
734	0.725	-0.025	0.075	2.5493e+08
735	0.725	-0.025	0.1	2.5459e+08
736	0.725	0.	0.	2.9058e+08
737	0.725	0.	0.025	2.8734e+08
738	0.725	0.	0.05	2.8941e+08
739	0.725	0.	0.075	2.8923e+08
740	0.725	0.	0.1	2.8564e+08
741	0.725	0.025	0.	3.2136e+08
742	0.725	0.025	0.025	3.1954e+08
743	0.725	0.025	0.05	3.1867e+08
744	0.725	0.025	0.075	3.1868e+08
745	0.725	0.025	0.1	3.2258e+08
746	0.725	0.05	0.	3.5961e+08
747	0.725	0.05	0.025	3.5229e+08
748	0.725	0.05	0.05	3.5446e+08
749	0.725	0.05	0.075	3.5466e+08
750	0.725	0.05	0.1	3.5287e+08
751	0.75	-0.05	0.	2.2993e+08
752	0.75	-0.05	0.025	2.3101e+08
753	0.75	-0.05	0.05	2.2718e+08
754	0.75	-0.05	0.075	2.3037e+08
755	0.75	-0.05	0.1	2.2725e+08
756	0.75	-0.025	0.	2.5650e+08
757	0.75	-0.025	0.025	2.5778e+08
758	0.75	-0.025	0.05	2.5935e+08
759	0.75	-0.025	0.075	2.5784e+08
760	0.75	-0.025	0.1	2.5914e+08
761	0.75	0.	0.	2.8839e+08
762	0.75	0.	0.025	2.9034e+08
763	0.75	0.	0.05	2.8892e+08
764	0.75	0.	0.075	2.9064e+08
765	0.75	0.	0.1	2.8652e+08
766	0.75	0.025	0.	3.1761e+08
767	0.75	0.025	0.025	3.1800e+08
768	0.75	0.025	0.05	3.1637e+08
769	0.75	0.025	0.075	3.1608e+08
770	0.75	0.025	0.1	3.1873e+08
771	0.75	0.05	0.	3.4939e+08
772	0.75	0.05	0.025	3.4824e+08
773	0.75	0.05	0.05	3.5021e+08
774	0.75	0.05	0.075	3.4570e+08
775	0.75	0.05	0.1	3.4718e+08
776	0.775	-0.05	0.	2.3234e+08
777	0.775	-0.05	0.025	2.3420e+08
778	0.775	-0.05	0.05	2.3468e+08
779	0.775	-0.05	0.075	2.3588e+08
780	0.775	-0.05	0.1	2.3235e+08
781	0.775	-0.025	0.	2.6158e+08
782	0.775	-0.025	0.025	2.6325e+08
783	0.775	-0.025	0.05	2.5943e+08
784	0.775	-0.025	0.075	2.5906e+08
785	0.775	-0.025	0.1	2.5869e+08
786	0.775	0.	0.	2.8908e+08
787	0.775	0.	0.025	2.8675e+08
788	0.775	0.	0.05	2.8883e+08
789	0.775	0.	0.075	2.8763e+08
790	0.775	0.	0.1	2.9111e+08
791	0.775	0.025	0.	3.1649e+08
792	0.775	0.025	0.025	3.1348e+08
793	0.775	0.025	0.05	3.1443e+08
794	0.775	0.025	0.075	3.1649e+08
795	0.775	0.025	0.1	3.1298e+08
796	0.775	0.05	0.	3.4443e+08
797	0.775	0.05	0.025	3.4149e+08
798	0.775	0.05	0.05	3.4366e+08
799	0.775	0.05	0.075	3.4160e+08
800	0.775	0.05	0.1	3.4093e+08
801	0.8	-0.05	0.	2.3901e+08
802	0.8	-0.05	0.025	2.4249e+08
803	0.8	-0.05	0.05	2.3958e+08
804	0.8	-0.05	0.075	2.4444e+08
805	0.8	-0.05	0.1	2.4022e+08
806	0.8	-0.025	0.	2.6265e+08
807	0.8	-0.025	0.025	2.6149e+08
808	0.8	-0.025	0.05	2.6595e+08
809	0.8	-0.025	0.075	2.6369e+08
810	0.8	-0.025	0.1	2.6530e+08
811	0.8	0.	0.	2.9201e+08
812	0.8	0.	0.025	2.8916e+08
813	0.8	0.	0.05	2.8858e+08
814	0.8	0.	0.075	2.9012e+08
815	0.8	0.	0.1	2.8939e+08
816	0.8	0.025	0.	3.0964e+08
817	0.8	0.025	0.025	3.1449e+08
818	0.8	0.025	0.05	3.1191e+08
819	0.8	0.025	0.075	3.1489e+08
820	0.8	0.025	0.1	3.1295e+08
821	0.8	0.05	0.	3.3840e+08
822	0.8	0.05	0.025	3.3555e+08
823	0.8	0.05	0.05	3.3294e+08
824	0.8	0.05	0.075	3.3714e+08
825	0.8	0.05	0.1	3.3797e+08
826	0.825	-0.05	0.	2.4518e+08
827	0.825	-0.05	0.025	2.4570e+08
828	0.825	-0.05	0.05	2.4273e+08
829	0.825	-0.05	0.075	2.4577e+08
830	0.825	-0.05	0.1	2.4415e+08
831	0.825	-0.025	0.	2.6783e+08
832	0.825	-0.025	0.025	2.6754e+08
833	0.825	-0.025	0.05	2.6702e+08
834	0.825	-0.025	0.075	2.6912e+08
835	0.825	-0.025	0.1	2.6739e+08
836	0.825	0.	0.	2.8833e+08
837	0.825	0.	0.025	2.8856e+08
838	0.825	0.	0.05	2.8699e+08
839	0.825	0.	0.075	2.8971e+08
840	0.825	0.	0.1	2.8642e+08
841	0.825	0.025	0.	3.0978e+08
842	0.825	0.025	0.025	3.1126e+08
843	0.825	0.025	0.05	3.0710e+08
844	0.825	0.025	0.075	3.0651e+08
845	0.825	0.025	0.1	3.0706e+08
846	0.825	0.05	0.	3.3360e+08
847	0.825	0.05	0.025	3.2879e+08
848	0.825	0.05	0.05	3.2762e+08
849	0.825	0.05	0.075	3.3073e+08
850	0.825	0.05	0.1	3.2461e+08
851	0.85	-0.05	0.	2.5056e+08
852	0.85	-0.05	0.025	2.5414e+08
853	0.85	-0.05	0.05	2.5056e+08
854	0.85	-0.05	0.075	2.5161e+08
855	0.85	-0.05	0.1	2.5244e+08
856	0.85	-0.025	0.	2.7048e+08
857	0.85	-0.025	0.025	2.6914e+08
858	0.85	-0.025	0.05	2.7089e+08
859	0.85	-0.025	0.075	2.7234e+08
860	0.85	-0.025	0.1	2.6828e+08
861	0.85	0.	0.	2.8716e+08
862	0.85	0.	0.025	2.8782e+08
863	0.85	0.	0.05	2.8921e+08
864	0.85	0.	0.075	2.8806e+08
865	0.85	0.	0.1	2.8778e+08
866	0.85	0.025	0.	3.0316e+08
867	0.85	0.025	0.025	3.0392e+08
868	0.85	0.025	0.05	3.0635e+08
869	0.85	0.025	0.075	3.0506e+08
870	0.85	0.025	0.1	3.0537e+08
871	0.85	0.05	0.	3.2388e+08
872	0.85	0.05	0.025	3.2855e+08
873	0.85	0.05	0.05	3.2303e+08
874	0.85	0.05	0.075	3.2670e+08
875	0.85	0.05	0.1	3.2655e+08
876	0.875	-0.05	0.	2.5924e+08
877	0.875	-0.05	0.025	2.5669e+08
878	0.875	-0.05	0.05	2.5821e+08
879	0.875	-0.05	0.075	2.5740e+08
880	0.875	-0.05	0.1	2.6112e+08
881	0.875	-0.025	0.	2.7367e+08
882	0.875	-0.025	0.025	2.7265e+08
883	0.875	-0.025	0.05	2.7592e+08
884	0.875	-0.025	0.075	2.7242e+08
885	0.875	-0.025	0.1	2.7390e+08
886	0.875	0.	0.	2.8921e+08
887	0.875	0.	0.025	2.8860e+08
888	0.875	0.	0.05	2.8782e+08
889	0.875	0.	0.075	2.8945e+08
890	0.875	0.	0.1	2.8691e+08
891	0.875	0.025	0.	3.0502e+08
892	0.875	0.025	0.025	3.0249e+08
893	0.875	0.025	0.05	3.0543e+08
894	0.875	0.025	0.075	3.0490e+08
895	0.875	0.025	0.1	3.0400e+08
896	0.875	0.05	0.	3.1783e+08
897	0.875	0.05	0.025	3.2010e+08
898	0.875	0.05	0.05	3.1909e+08
899	0.875	0.05	0.075	3.1186e+08
900	0.875	0.05	0.1	3.1644e+08
901	0.9	-0.05	0.	2.6427e+08
902	0.9	-0.05	0.025	2.6444e+08
903	0.9	-0.05	0.05	2.6512e+08
904	0.9	-0.05	0.075	2.6645e+08
905	0.9	-0.05	0.1	2.6493e+08
906	0.9	-0.025	0.	2.7255e+08
907	0.9	-0.025	0.025	2.7633e+08
908	0.9	-0.025	0.05	2.7801e+08
909	0.9	-0.025	0.075	2.7618e+08
910	0.9	-0.025	0.1	2.7634e+08
911	0.9	0.	0.	2.8715e+08
912	0.9	0.	0.025	2.8964e+08
913	0.9	0.	0.05	2.8739e+08
914	0.9	0.	0.075	2.8902e+08
915	0.9	0.	0.1	2.8874e+08
916	0.9	0.025	0.	3.0010e+08
917	0.9	0.025	0.025	3.0087e+08
918	0.9	0.025	0.05	3.0036e+08
919	0.9	0.025	0.075	3.0230e+08
920	0.9	0.025	0.1	3.0122e+08
921	0.9	0.05	0.	3.1395e+08
922	0.9	0.05	0.025	3.1057e+08
923	0.9	0.05	0.05	3.1045e+08
924	0.9	0.05	0.075	3.1212e+08
925	0.9	0.05	0.1	3.1340e+08
926	0.925	-0.05	0.	2.7086e+08
927	0.925	-0.05	0.025	2.6878e+08
928	0.925	-0.05	0.05	2.7126e+08
929	0.925	-0.05	0.075	2.6898e+08
930	0.925	-0.05	0.1	2.7109e+08
931	0.925	-0.025	0.	2.7948e+08
932	0.925	-0.025	0.025	2.7862e+08
933	0.925	-0.025	0.05	2.7810e+08
934	0.925	-0.025	0.075	2.7922e+08
935	0.925	-0.025	0.1	2.7914e+08
936	0.925	0.	0.	2.8619e+08
937	0.925	0.	0.025	2.8904e+08
938	0.925	0.	0.05	2.9000e+08
939	0.925	0.	0.075	2.8949e+08
940	0.925	0.	0.1	2.8854e+08
941	0.925	0.025	0.	2.9620e+08
942	0.925	0.025	0.025	2.9723e+08
943	0.925	0.025	0.05	2.9677e+08
944	0.925	0.025	0.075	2.9722e+08
945	0.925	0.025	0.1	2.9867e+08
946	0.925	0.05	0.	3.0580e+08
947	0.925	0.05	0.025	3.0263e+08
948	0.925	0.05	0.05	3.0747e+08
949	0.925	0.05	0.075	3.0673e+08
950	0.925	0.05	0.1	3.0628e+08
951	0.95	-0.05	0.	2.7406e+08
952	0.95	-0.05	0.025	2.7462e+08
953	0.95	-0.05	0.05	2.7482e+08
954	0.95	-0.05	0.075	2.7503e+08
955	0.95	-0.05	0.1	2.7519e+08
956	0.95	-0.025	0.	2.8000e+08
957	0.95	-0.025	0.025	2.8564e+08
958	0.95	-0.025	0.05	2.8454e+08
959	0.95	-0.025	0.075	2.8247e+08
960	0.95	-0.025	0.1	2.8194e+08
961	0.95	0.	0.	2.9116e+08
962	0.95	0.	0.025	2.9081e+08
963	0.95	0.	0.05	2.8672e+08
964	0.95	0.	0.075	2.8843e+08
965	0.95	0.	0.1	2.8768e+08
966	0.95	0.025	0.	2.9352e+08
967	0.95	0.025	0.025	2.9371e+08
968	0.95	0.025	0.05	2.9385e+08
969	0.95	0.025	0.075	2.9437e+08
970	0.95	0.025	0.1	2.9438e+08
971	0.95	0.05	0.	3.0259e+08
972	0.95	0.05	0.025	2.9855e+08
973	0.95	0.05	0.05	3.0174e+08
974	0.95	0.05	0.075	2.9806e+08
975	0.95	0.05	0.1	3.0043e+08
976	0.975	-0.05	0.	2.8377e+08
977	0.975	-0.05	0.025	2.8296e+08
978	0.975	-0.05	0.05	2.8146e+08
979	0.975	-0.05	0.075	2.8248e+08
980	0.975	-0.05	0.1	2.8480e+08
981	0.975	-0.025	0.	2.8399e+08
982	0.975	-0.025	0.025	2.8597e+08
983	0.975	-0.025	0.05	2.8665e+08
984	0.975	-0.025	0.075	2.8434e+08
985	0.975	-0.025	0.1	2.8797e+08
986	0.975	0.	0.	2.9158e+08
987	0.975	0.	0.025	2.8989e+08
988	0.975	0.	0.05	2.8989e+08
989	0.975	0.	0.075	2.8501e+08
990	0.975	0.	0.1	2.8572e+08
991	0.975	0.025	0.	2.9085e+08
992	0.975	0.025	0.025	2.8985e+08
993	0.975	0.025	0.05	2.9209e+08
994	0.975	0.025	0.075	2.8603e+08
995	0.975	0.025	0.1	2.9208e+08
996	0.975	0.05	0.	2.9369e+08
997	0.975	0.05	0.025	2.9304e+08
998	0.975	0.05	0.05	2.9736e+08
999	0.975	0.05	0.075	2.9346e+08
1000	0.975	0.05	0.1	2.9115e+08
1001	1	-0.05	0.	2.8879e+08
1002	1	-0.05	0.025	2.8866e+08
1003	1	-0.05	0.05	2.8770e+08
1004	1	-0.05	0.075	2.9206e+08
1005	1	-0.05	0.1	2.8836e+08
1006	1	-0.025	0.	2.8975e+08
1007	1	-0.025	0.025	2.8856e+08
1008	1	-0.025	0.05	2.9020e+08
1009	1	-0.025	0.075	2.8743e+08
1010	1	-0.025	0.1	2.8616e+08
1011	1	0.	0.	2.8932e+08
1012	1	0.	0.025	2.8852e+08
1013	1	0.	0.05	2.8937e+08
1014	1	0.	0.075	2.8693e+08
1015	1	0.	0.1	2.8883e+08
1016	1	0.025	0.	2.8525e+08
1017	1	0.025	0.025	2.8717e+08
1018	1	0.025	0.05	2.8678e+08
1019	1	0.025	0.075	2.8886e+08
1020	1	0.025	0.1	2.8716e+08
1021	1	0.05	0.	2.8563e+08
1022	1	0.05	0.025	2.8702e+08
1023	1	0.05	0.05	2.8903e+08
1024	1	0.05	0.075	2.8823e+08
1025	1	0.05	0.1	2.8671e+08
