Node Number	X Location (m)	Y Location (m)	Z Location (m)	Equivalent (von-Mises) Stress (Pa)
1	0.	-0.05	0.	3.1174e+08
2	0.	-0.05	0.025	3.0786e+08
3	0.	-0.05	0.05	3.1344e+08
4	0.	-0.05	0.075	3.1455e+08
5	0.	-0.05	0.1	3.1198e+08
6	0.	-0.025	0.	3.6399e+08
7	0.	-0.025	0.025	3.7127e+08
8	0.	-0.025	0.05	3.6787e+08
9	0.	-0.025	0.075	3.7021e+08
10	0.	-0.025	0.1	3.7634e+08
11	0.	0.	0.	4.2362e+08
12	0.	0.	0.025	4.2921e+08
13	0.	0.	0.05	4.3490e+08
14	0.	0.	0.075	4.2961e+08
15	0.	0.	0.1	4.2934e+08
16	0.	0.025	0.	5.0002e+08
17	0.	0.025	0.025	4.9350e+08
18	0.	0.025	0.05	4.9569e+08
19	0.	0.025	0.075	4.9396e+08
20	0.	0.025	0.1	4.9265e+08
21	0.	0.05	0.	5.5758e+08
22	0.	0.05	0.025	5.6041e+08
23	0.	0.05	0.05	5.4457e+08
24	0.	0.05	0.075	5.5184e+08
25	0.	0.05	0.1	5.5181e+08
26	0.025	-0.05	0.	3.1392e+08
27	0.025	-0.05	0.025	3.1747e+08
28	0.025	-0.05	0.05	3.1565e+08
29	0.025	-0.05	0.075	3.1985e+08
30	0.025	-0.05	0.1	3.1777e+08
31	0.025	-0.025	0.	3.7760e+08
32	0.025	-0.025	0.025	3.6994e+08
33	0.025	-0.025	0.05	3.7111e+08
34	0.025	-0.025	0.075	3.7136e+08
35	0.025	-0.025	0.1	3.7747e+08
36	0.025	0.	0.	4.2869e+08
37	0.025	0.	0.025	4.2879e+08
38	0.025	0.	0.05	4.2816e+08
39	0.025	0.	0.075	4.4155e+08
40	0.025	0.	0.1	4.3154e+08
41	0.025	0.025	0.	4.9259e+08
42	0.025	0.025	0.025	4.8604e+08
43	0.025	0.025	0.05	4.9428e+08
44	0.025	0.025	0.075	4.8356e+08
45	0.025	0.025	0.1	4.8667e+08
46	0.025	0.05	0.	5.4579e+08
47	0.025	0.05	0.025	5.4996e+08
48	0.025	0.05	0.05	5.4552e+08
49	0.025	0.05	0.075	5.5569e+08
50	0.025	0.05	0.1	5.5121e+08
51	0.05	-0.05	0.	3.1625e+08
52	0.05	-0.05	0.025	3.2054e+08
53	0.05	-0.05	0.05	3.1700e+08
54	0.05	-0.05	0.075	3.1650e+08
55	0.05	-0.05	0.1	3.2028e+08
56	0.05	-0.025	0.	3.6766e+08
57	0.05	-0.025	0.025	3.7722e+08
58	0.05	-0.025	0.05	3.7288e+08
59	0.05	-0.025	0.075	3.7288e+08
60	0.05	-0.025	0.1	3.8089e+08
61	0.05	0.	0.	4.3020e+08
62	0.05	0.	0.025	4.3534e+08
63	0.05	0.	0.05	4.3300e+08
64	0.05	0.	0.075	4.3335e+08
65	0.05	0.	0.1	4.3117e+08
66	0.05	0.025	0.	4.8783e+08
67	0.05	0.025	0.025	4.9499e+08
68	0.05	0.025	0.05	4.9266e+08
69	0.05	0.025	0.075	4.8706e+08
70	0.05	0.025	0.1	4.8492e+08
71	0.05	0.05	0.	5.4345e+08
72	0.05	0.05	0.025	5.5029e+08
73	0.05	0.05	0.05	5.5115e+08
74	0.05	0.05	0.075	5.4842e+08
75	0.05	0.05	0.1	5.3894e+08
76	0.075	-0.05	0.	3.2294e+08
77	0.075	-0.05	0.025	3.2435e+08
78	0.075	-0.05	0.05	3.2145e+08
79	0.075	-0.05	0.075	3.2608e+08
80	0.075	-0.05	0.1	3.1761e+08
81	0.075	-0.025	0.	3.7858e+08
82	0.075	-0.025	0.025	3.7345e+08
83	0.075	-0.025	0.05	3.7971e+08
84	0.075	-0.025	0.075	3.7837e+08
85	0.075	-0.025	0.1	3.8195e+08
86	0.075	0.	0.	4.3376e+08
87	0.075	0.	0.025	4.3063e+08
88	0.075	0.	0.05	4.3033e+08
89	0.075	0.	0.075	4.3117e+08
90	0.075	0.	0.1	4.3027e+08
91	0.075	0.025	0.	4.9277e+08
92	0.075	0.025	0.025	4.9249e+08
93	0.075	0.025	0.05	4.8168e+08
94	0.075	0.025	0.075	4.8767e+08
95	0.075	0.025	0.1	4.8776e+08
96	0.075	0.05	0.	5.3961e+08
97	0.075	0.05	0.025	5.4490e+08
98	0.075	0.05	0.05	5.4935e+08
99	0.075	0.05	0.075	5.4687e+08
100	0.075	0.05	0.1	5.4885e+08
101	0.1	-0.05	0.	3.2214e+08
102	0.1	-0.05	0.025	3.2409e+08
103	0.1	-0.05	0.05	3.2202e+08
104	0.1	-0.05	0.075	3.2462e+08
105	0.1	-0.05	0.1	3.2485e+08
106	0.1	-0.025	0.	3.8092e+08
107	0.1	-0.025	0.025	3.8199e+08
108	0.1	-0.025	0.05	3.8010e+08
109	0.1	-0.025	0.075	3.7542e+08
110	0.1	-0.025	0.1	3.7393e+08
111	0.1	0.	0.	4.3383e+08
112	0.1	0.	0.025	4.3722e+08
113	0.1	0.	0.05	4.3195e+08
114	0.1	0.	0.075	4.2675e+08
115	0.1	0.	0.1	4.3924e+08
116	0.1	0.025	0.	4.8792e+08
117	0.1	0.025	0.025	4.8668e+08
118	0.1	0.025	0.05	4.8147e+08
119	0.1	0.025	0.075	4.8608e+08
120	0.1	0.025	0.1	4.8869e+08
121	0.1	0.05	0.	5.4217e+08
122	0.1	0.05	0.025	5.3706e+08
123	0.1	0.05	0.05	5.3975e+08
124	0.1	0.05	0.075	5.3734e+08
125	0.1	0.05	0.1	5.4719e+08
126	0.125	-0.05	0.	3.2934e+08
127	0.125	-0.05	0.025	3.2563e+08
128	0.125	-0.05	0.05	3.2394e+08
129	0.125	-0.05	0.075	3.2773e+08
130	0.125	-0.05	0.1	3.2571e+08
131	0.125	-0.025	0.	3.7825e+08
132	0.125	-0.025	0.025	3.7607e+08
133	0.125	-0.025	0.05	3.7645e+08
134	0.125	-0.025	0.075	3.8001e+08
135	0.125	-0.025	0.1	3.7871e+08
136	0.125	0.	0.	4.4066e+08
137	0.125	0.	0.025	4.3409e+08
138	0.125	0.	0.05	4.2805e+08
139	0.125	0.	0.075	4.2672e+08
140	0.125	0.	0.1	4.3341e+08
141	0.125	0.025	0.	4.8298e+08
142	0.125	0.025	0.025	4.8968e+08
143	0.125	0.025	0.05	4.8561e+08
144	0.125	0.025	0.075	4.7683e+08
145	0.125	0.025	0.1	4.8056e+08
146	0.125	0.05	0.	5.3410e+08
147	0.125	0.05	0.025	5.3890e+08
148	0.125	0.05	0.05	5.3248e+08
149	0.125	0.05	0.075	5.3766e+08
150	0.125	0.05	0.1	5.3126e+08
151	0.15	-0.05	0.	3.3002e+08
152	0.15	-0.05	0.025	3.3098e+08
153	0.15	-0.05	0.05	3.3386e+08
154	0.15	-0.05	0.075	3.3065e+08
155	0.15	-0.05	0.1	3.2784e+08
156	0.15	-0.025	0.	3.8557e+08
157	0.15	-0.025	0.025	3.8046e+08
158	0.15	-0.025	0.05	3.8338e+08
159	0.15	-0.025	0.075	3.7915e+08
160	0.15	-0.025	0.1	3.8130e+08
161	0.15	0.	0.	4.2926e+08
162	0.15	0.	0.025	4.3315e+08
163	0.15	0.	0.05	4.3481e+08
164	0.15	0.	0.075	4.3032e+08
165	0.15	0.	0.1	4.3013e+08
166	0.15	0.025	0.	4.8439e+08
167	0.15	0.025	0.025	4.7983e+08
168	0.15	0.025	0.05	4.7715e+08
169	0.15	0.025	0.075	4.8438e+08
170	0.15	0.025	0.1	4.8260e+08
171	0.15	0.05	0.	5.3345e+08
172	0.15	0.05	0.025	5.3623e+08
173	0.15	0.05	0.05	5.3682e+08
174	0.15	0.05	0.075	5.3331e+08
175	0.15	0.05	0.1	5.2920e+08
176	0.175	-0.05	0.	3.3130e+08
177	0.175	-0.05	0.025	3.3456e+08
178	0.175	-0.05	0.05	3.3336e+08
179	0.175	-0.05	0.075	3.3154e+08
180	0.175	-0.05	0.1	3.3091e+08
181	0.175	-0.025	0.	3.8441e+08
182	0.175	-0.025	0.025	3.8184e+08
183	0.175	-0.025	0.05	3.8482e+08
184	0.175	-0.025	0.075	3.8521e+08
185	0.175	-0.025	0.1	3.8156e+08
186	0.175	0.	0.	4.3531e+08
187	0.175	0.	0.025	4.3251e+08
188	0.175	0.	0.05	4.3296e+08
189	0.175	0.	0.075	4.2447e+08
190	0.175	0.	0.1	4.2868e+08
191	0.175	0.025	0.	4.7798e+08
192	0.175	0.025	0.025	4.8029e+08
193	0.175	0.025	0.05	4.8196e+08
194	0.175	0.025	0.075	4.8211e+08
195	0.175	0.025	0.1	4.8262e+08
196	0.175	0.05	0.	5.2809e+08
197	0.175	0.05	0.025	5.3394e+08
198	0.175	0.05	0.05	5.3869e+08
199	0.175	0.05	0.075	5.2950e+08
200	0.175	0.05	0.1	5.2818e+08
201	0.2	-0.05	0.	3.3416e+08
202	0.2	-0.05	0.025	3.3623e+08
203	0.2	-0.05	0.05	3.3459e+08
204	0.2	-0.05	0.075	3.3135e+08
205	0.2	-0.05	0.1	3.3208e+08
206	0.2	-0.025	0.	3.8715e+08
207	0.2	-0.025	0.025	3.8796e+08
208	0.2	-0.025	0.05	3.8893e+08
209	0.2	-0.025	0.075	3.8472e+08
210	0.2	-0.025	0.1	3.8098e+08
211	0.2	0.	0.	4.3052e+08
212	0.2	0.	0.025	4.2688e+08
213	0.2	0.	0.05	4.2674e+08
214	0.2	0.	0.075	4.3291e+08
215	0.2	0.	0.1	4.3389e+08
216	0.2	0.025	0.	4.8754e+08
217	0.2	0.025	0.025	4.7970e+08
218	0.2	0.025	0.05	4.7480e+08
219	0.2	0.025	0.075	4.7955e+08
220	0.2	0.025	0.1	4.7893e+08
221	0.2	0.05	0.	5.2593e+08
222	0.2	0.05	0.025	5.2945e+08
223	0.2	0.05	0.05	5.2287e+08
224	0.2	0.05	0.075	5.2855e+08
225	0.2	0.05	0.1	5.3075e+08
226	0.225	-0.05	0.	3.4285e+08
227	0.225	-0.05	0.025	3.3984e+08
228	0.225	-0.05	0.05	3.4183e+08
229	0.225	-0.05	0.075	3.3780e+08
230	0.225	-0.05	0.1	3.3817e+08
231	0.225	-0.025	0.	3.8968e+08
232	0.225	-0.025	0.025	3.8129e+08
233	0.225	-0.025	0.05	3.8428e+08
234	0.225	-0.025	0.075	3.8900e+08
235	0.225	-0.025	0.1	3.8487e+08
236	0.225	0.	0.	4.3104e+08
237	0.225	0.	0.025	4.3111e+08
238	0.225	0.	0.05	4.3244e+08
239	0.225	0.	0.075	4.3579e+08
240	0.225	0.	0.1	4.3523e+08
241	0.225	0.025	0.	4.7856e+08
242	0.225	0.025	0.025	4.8270e+08
243	0.225	0.025	0.05	4.7982e+08
244	0.225	0.025	0.075	4.8180e+08
245	0.225	0.025	0.1	4.7458e+08
246	0.225	0.05	0.	5.3230e+08
247	0.225	0.05	0.025	5.2592e+08
248	0.225	0.05	0.05	5.1346e+08
249	0.225	0.05	0.075	5.3197e+08
250	0.225	0.05	0.1	5.2502e+08
251	0.25	-0.05	0.	3.4092e+08
252	0.25	-0.05	0.025	3.4034e+08
253	0.25	-0.05	0.05	3.4320e+08
254	0.25	-0.05	0.075	3.3957e+08
255	0.25	-0.05	0.1	3.4042e+08
256	0.25	-0.025	0.	3.8531e+08
257	0.25	-0.025	0.025	3.8611e+08
258	0.25	-0.025	0.05	3.8542e+08
259	0.25	-0.025	0.075	3.8966e+08
260	0.25	-0.025	0.1	3.8786e+08
261	0.25	0.	0.	4.3339e+08
262	0.25	0.	0.025	4.3414e+08
263	0.25	0.	0.05	4.3171e+08
264	0.25	0.	0.075	4.2850e+08
265	0.25	0.	0.1	4.3827e+08
266	0.25	0.025	0.	4.8056e+08
267	0.25	0.025	0.025	4.8317e+08
268	0.25	0.025	0.05	4.8096e+08
269	0.25	0.025	0.075	4.7526e+08
270	0.25	0.025	0.1	4.6806e+08
271	0.25	0.05	0.	5.1687e+08
272	0.25	0.05	0.025	5.2466e+08
273	0.25	0.05	0.05	5.2158e+08
274	0.25	0.05	0.075	5.2025e+08
275	0.25	0.05	0.1	5.1158e+08
276	0.275	-0.05	0.	3.4496e+08
277	0.275	-0.05	0.025	3.4201e+08
278	0.275	-0.05	0.05	3.4300e+08
279	0.275	-0.05	0.075	3.4735e+08
280	0.275	-0.05	0.1	3.4216e+08
281	0.275	-0.025	0.	3.8562e+08
282	0.275	-0.025	0.025	3.8910e+08
283	0.275	-0.025	0.05	3.9123e+08
284	0.275	-0.025	0.075	3.8727e+08
285	0.275	-0.025	0.1	3.9308e+08
286	0.275	0.	0.	4.2761e+08
287	0.275	0.	0.025	4.2701e+08
288	0.275	0.	0.05	4.2671e+08
289	0.275	0.	0.075	4.2632e+08
290	0.275	0.	0.1	4.3319e+08
291	0.275	0.025	0.	4.7180e+08
292	0.275	0.025	0.025	4.7015e+08
293	0.275	0.025	0.05	4.7696e+08
294	0.275	0.025	0.075	4.7865e+08
295	0.275	0.025	0.1	4.7951e+08
296	0.275	0.05	0.	5.2263e+08
297	0.275	0.05	0.025	5.1519e+08
298	0.275	0.05	0.05	5.2015e+08
299	0.275	0.05	0.075	5.2106e+08
300	0.275	0.05	0.1	5.1703e+08
301	0.3	-0.05	0.	3.4846e+08
302	0.3	-0.05	0.025	3.4452e+08
303	0.3	-0.05	0.05	3.4625e+08
304	0.3	-0.05	0.075	3.4904e+08
305	0.3	-0.05	0.1	3.5220e+08
306	0.3	-0.025	0.	3.9361e+08
307	0.3	-0.025	0.025	3.9208e+08
308	0.3	-0.025	0.05	3.9027e+08
309	0.3	-0.025	0.075	3.8978e+08
310	0.3	-0.025	0.1	3.8550e+08
311	0.3	0.	0.	4.2914e+08
312	0.3	0.	0.025	4.2926e+08
313	0.3	0.	0.05	4.3402e+08
314	0.3	0.	0.075	4.3530e+08
315	0.3	0.	0.1	4.3458e+08
316	0.3	0.025	0.	4.7850e+08
317	0.3	0.025	0.025	4.7429e+08
318	0.3	0.025	0.05	4.7029e+08
319	0.3	0.025	0.075	4.7383e+08
320	0.3	0.025	0.1	4.7127e+08
321	0.3	0.05	0.	5.1872e+08
322	0.3	0.05	0.025	5.1452e+08
323	0.3	0.05	0.05	5.1559e+08
324	0.3	0.05	0.075	5.1886e+08
325	0.3	0.05	0.1	5.1294e+08
326	0.325	-0.05	0.	3.5371e+08
327	0.325	-0.05	0.025	3.4722e+08
328	0.325	-0.05	0.05	3.5186e+08
329	0.325	-0.05	0.075	3.5074e+08
330	0.325	-0.05	0.1	3.5332e+08
331	0.325	-0.025	0.	3.8721e+08
332	0.325	-0.025	0.025	3.8672e+08
333	0.325	-0.025	0.05	3.9387e+08
334	0.325	-0.025	0.075	3.9029e+08
335	0.325	-0.025	0.1	3.9123e+08
336	0.325	0.	0.	4.2975e+08
337	0.325	0.	0.025	4.3519e+08
338	0.325	0.	0.05	4.3307e+08
339	0.325	0.	0.075	4.3286e+08
340	0.325	0.	0.1	4.2799e+08
341	0.325	0.025	0.	4.7441e+08
342	0.325	0.025	0.025	4.6877e+08
343	0.325	0.025	0.05	4.7003e+08
344	0.325	0.025	0.075	4.6735e+08
345	0.325	0.025	0.1	4.7192e+08
346	0.325	0.05	0.	5.1737e+08
347	0.325	0.05	0.025	5.1393e+08
348	0.325	0.05	0.05	5.1119e+08
349	0.325	0.05	0.075	5.1345e+08
350	0.325	0.05	0.1	5.1343e+08
351	0.35	-0.05	0.	3.5419e+08
352	0.35	-0.05	0.025	3.5450e+08
353	0.35	-0.05	0.05	3.5105e+08
354	0.35	-0.05	0.075	3.5430e+08
355	0.35	-0.05	0.1	3.4903e+08
356	0.35	-0.025	0.	3.9483e+08
357	0.35	-0.025	0.025	3.8955e+08
358	0.35	-0.025	0.05	3.9672e+08
359	0.35	-0.025	0.075	3.8533e+08
360	0.35	-0.025	0.1	3.9828e+08
361	0.35	0.	0.	4.2637e+08
362	0.35	0.	0.025	4.2788e+08
363	0.35	0.	0.05	4.3306e+08
364	0.35	0.	0.075	4.3417e+08
365	0.35	0.	0.1	4.3105e+08
366	0.35	0.025	0.	4.7438e+08
367	0.35	0.025	0.025	4.6801e+08
368	0.35	0.025	0.05	4.6951e+08
369	0.35	0.025	0.075	4.6988e+08
370	0.35	0.025	0.1	4.6899e+08
371	0.35	0.05	0.	5.0211e+08
372	0.35	0.05	0.025	5.0990e+08
373	0.35	0.05	0.05	5.0953e+08
374	0.35	0.05	0.075	5.1440e+08
375	0.35	0.05	0.1	5.0475e+08
376	0.375	-0.05	0.	3.5517e+08
377	0.375	-0.05	0.025	3.6044e+08
378	0.375	-0.05	0.05	3.5784e+08
379	0.375	-0.05	0.075	3.5857e+08
380	0.375	-0.05	0.1	3.5830e+08
381	0.375	-0.025	0.	3.9596e+08
382	0.375	-0.025	0.025	4.0027e+08
383	0.375	-0.025	0.05	3.9481e+08
384	0.375	-0.025	0.075	3.9133e+08
385	0.375	-0.025	0.1	3.9654e+08
386	0.375	0.	0.	4.3007e+08
387	0.375	0.	0.025	4.3165e+08
388	0.375	0.	0.05	4.3331e+08
389	0.375	0.	0.075	4.2919e+08
390	0.375	0.	0.1	4.3027e+08
391	0.375	0.025	0.	4.7130e+08
392	0.375	0.025	0.025	4.6746e+08
393	0.375	0.025	0.05	4.7317e+08
394	0.375	0.025	0.075	4.6581e+08
395	0.375	0.025	0.1	4.6580e+08
396	0.375	0.05	0.	5.1473e+08
397	0.375	0.05	0.025	5.0079e+08
398	0.375	0.05	0.05	5.0689e+08
399	0.375	0.05	0.075	5.1451e+08
400	0.375	0.05	0.1	5.0688e+08
401	0.4	-0.05	0.	3.6388e+08
402	0.4	-0.05	0.025	3.6188e+08
403	0.4	-0.05	0.05	3.5998e+08
404	0.4	-0.05	0.075	3.5962e+08
405	0.4	-0.05	0.1	3.5390e+08
406	0.4	-0.025	0.	3.9501e+08
407	0.4	-0.025	0.025	3.9675e+08
408	0.4	-0.025	0.05	3.9675e+08
409	0.4	-0.025	0.075	4.0383e+08
410	0.4	-0.025	0.1	3.9691e+08
411	0.4	0.	0.	4.3421e+08
412	0.4	0.	0.025	4.3606e+08
413	0.4	0.	0.05	4.3390e+08
414	0.4	0.	0.075	4.3173e+08
415	0.4	0.	0.1	4.3175e+08
416	0.4	0.025	0.	4.6670e+08
417	0.4	0.025	0.025	4.6968e+08
418	0.4	0.025	0.05	4.6738e+08
419	0.4	0.025	0.075	4.7036e+08
420	0.4	0.025	0.1	4.6424e+08
421	0.4	0.05	0.	5.0459e+08
422	0.4	0.05	0.025	5.1026e+08
423	0.4	0.05	0.05	5.0309e+08
424	0.4	0.05	0.075	5.1143e+08
425	0.4	0.05	0.1	5.0466e+08
426	0.425	-0.05	0.	3.6284e+08
427	0.425	-0.05	0.025	3.6334e+08
428	0.425	-0.05	0.05	3.6210e+08
429	0.425	-0.05	0.075	3.5725e+08
430	0.425	-0.05	0.1	3.6556e+08
431	0.425	-0.025	0.	4.0449e+08
432	0.425	-0.025	0.025	3.9905e+08
433	0.425	-0.025	0.05	3.9924e+08
434	0.425	-0.025	0.075	3.9694e+08
435	0.425	-0.025	0.1	4.0120e+08
436	0.425	0.	0.	4.3190e+08
437	0.425	0.	0.025	4.3295e+08
438	0.425	0.	0.05	4.2662e+08
439	0.425	0.	0.075	4.3020e+08
440	0.425	0.	0.1	4.3330e+08
441	0.425	0.025	0.	4.6990e+08
442	0.425	0.025	0.025	4.7001e+08
443	0.425	0.025	0.05	4.6062e+08
444	0.425	0.025	0.075	4.6100e+08
445	0.425	0.025	0.1	4.6870e+08
446	0.425	0.05	0.	4.9801e+08
447	0.425	0.05	0.025	5.0459e+08
448	0.425	0.05	0.05	4.9447e+08
449	0.425	0.05	0.075	5.0061e+08
450	0.425	0.05	0.1	5.0086e+08
451	0.45	-0.05	0.	3.6741e+08
452	0.45	-0.05	0.025	3.6298e+08
453	0.45	-0.05	0.05	3.6024e+08
454	0.45	-0.05	0.075	3.6650e+08
455	0.45	-0.05	0.1	3.6754e+08
456	0.45	-0.025	0.	4.0223e+08
457	0.45	-0.025	0.025	3.9787e+08
458	0.45	-0.025	0.05	4.0150e+08
459	0.45	-0.025	0.075	4.0057e+08
460	0.45	-0.025	0.1	4.0324e+08
461	0.45	0.	0.	4.3184e+08
462	0.45	0.	0.025	4.2605e+08
463	0.45	0.	0.05	4.3180e+08
464	0.45	0.	0.075	4.3234e+08
465	0.45	0.	0.1	4.3382e+08
466	0.45	0.025	0.	4.5931e+08
467	0.45	0.025	0.025	4.6386e+08
468	0.45	0.025	0.05	4.6825e+08
469	0.45	0.025	0.075	4.6463e+08
470	0.45	0.025	0.1	4.6388e+08
471	0.45	0.05	0.	5.0559e+08
472	0.45	0.05	0.025	4.9374e+08
473	0.45	0.05	0.05	5.0291e+08
474	0.45	0.05	0.075	5.0207e+08
475	0.45	0.05	0.1	4.9710e+08
476	0.475	-0.05	0.	3.6890e+08
477	0.475	-0.05	0.025	3.6889e+08
478	0.475	-0.05	0.05	3.6954e+08
479	0.475	-0.05	0.075	3.6724e+08
480	0.475	-0.05	0.1	3.6774e+08
481	0.475	-0.025	0.	3.9938e+08
482	0.475	-0.025	0.025	3.9948e+08
483	0.475	-0.025	0.05	3.9952e+08
484	0.475	-0.025	0.075	3.9334e+08
485	0.475	-0.025	0.1	4.0083e+08
486	0.475	0.	0.	4.3021e+08
487	0.475	0.	0.025	4.2558e+08
488	0.475	0.	0.05	4.3082e+08
489	0.475	0.	0.075	4.3071e+08
490	0.475	0.	0.1	4.3644e+08
491	0.475	0.025	0.	4.6152e+08
492	0.475	0.025	0.025	4.6599e+08
493	0.475	0.025	0.05	4.6864e+08
494	0.475	0.025	0.075	4.6119e+08
495	0.475	0.025	0.1	4.6334e+08
496	0.475	0.05	0.	5.0185e+08
497	0.475	0.05	0.025	4.9591e+08
498	0.475	0.05	0.05	4.9648e+08
499	0.475	0.05	0.075	4.9339e+08
500	0.475	0.05	0.1	4.9772e+08
501	0.5	-0.05	0.	3.7188e+08
502	0.5	-0.05	0.025	3.6655e+08
503	0.5	-0.05	0.05	3.7094e+08
504	0.5	-0.05	0.075	3.6848e+08
505	0.5	-0.05	0.1	3.7233e+08
506	0.5	-0.025	0.	3.9907e+08
507	0.5	-0.025	0.025	4.0356e+08
508	0.5	-0.025	0.05	4.0216e+08
509	0.5	-0.025	0.075	3.9801e+08
510	0.5	-0.025	0.1	4.0043e+08
511	0.5	0.	0.	4.3418e+08
512	0.5	0.	0.025	4.3600e+08
513	0.5	0.	0.05	4.2891e+08
514	0.5	0.	0.075	4.2824e+08
515	0.5	0.	0.1	4.3877e+08
516	0.5	0.025	0.	4.6198e+08
517	0.5	0.025	0.025	4.6235e+08
518	0.5	0.025	0.05	4.5928e+08
519	0.5	0.025	0.075	4.6281e+08
520	0.5	0.025	0.1	4.6836e+08
521	0.5	0.05	0.	4.9300e+08
522	0.5	0.05	0.025	4.9619e+08
523	0.5	0.05	0.05	4.9211e+08
524	0.5	0.05	0.075	4.8796e+08
525	0.5	0.05	0.1	4.8931e+08
526	0.525	-0.05	0.	3.7165e+08
527	0.525	-0.05	0.025	3.7565e+08
528	0.525	-0.05	0.05	3.7867e+08
529	0.525	-0.05	0.075	3.7548e+08
530	0.525	-0.05	0.1	3.7408e+08
531	0.525	-0.025	0.	4.0097e+08
532	0.525	-0.025	0.025	4.0467e+08
533	0.525	-0.025	0.05	3.9952e+08
534	0.525	-0.025	0.075	3.9986e+08
535	0.525	-0.025	0.1	4.0642e+08
536	0.525	0.	0.	4.3107e+08
537	0.525	0.	0.025	4.3100e+08
538	0.525	0.	0.05	4.3145e+08
539	0.525	0.	0.075	4.3454e+08
540	0.525	0.	0.1	4.3260e+08
541	0.525	0.025	0.	4.5778e+08
542	0.525	0.025	0.025	4.5791e+08
543	0.525	0.025	0.05	4.5980e+08
544	0.525	0.025	0.075	4.6163e+08
545	0.525	0.025	0.1	4.6039e+08
546	0.525	0.05	0.	4.8851e+08
547	0.525	0.05	0.025	4.8918e+08
548	0.525	0.05	0.05	4.8886e+08
549	0.525	0.05	0.075	4.8595e+08
550	0.525	0.05	0.1	4.9333e+08
551	0.55	-0.05	0.	3.7654e+08
552	0.55	-0.05	0.025	3.7839e+08
553	0.55	-0.05	0.05	3.7177e+08
554	0.55	-0.05	0.075	3.7735e+08
555	0.55	-0.05	0.1	3.7467e+08
556	0.55	-0.025	0.	4.0185e+08
557	0.55	-0.025	0.025	4.1287e+08
558	0.55	-0.025	0.05	4.0583e+08
559	0.55	-0.025	0.075	4.0899e+08
560	0.55	-0.025	0.1	4.0779e+08
561	0.55	0.	0.	4.3543e+08
562	0.55	0.	0.025	4.3134e+08
563	0.55	0.	0.05	4.3758e+08
564	0.55	0.	0.075	4.3496e+08
565	0.55	0.	0.1	4.3217e+08
566	0.55	0.025	0.	4.5998e+08
567	0.55	0.025	0.025	4.5851e+08
568	0.55	0.025	0.05	4.5921e+08
569	0.55	0.025	0.075	4.5886e+08
570	0.55	0.025	0.1	4.6042e+08
571	0.55	0.05	0.	4.9277e+08
572	0.55	0.05	0.025	4.8131e+08
573	0.55	0.05	0.05	4.9044e+08
574	0.55	0.05	0.075	4.8457e+08
575	0.55	0.05	0.1	4.9094e+08
576	0.575	-0.05	0.	3.7998e+08
577	0.575	-0.05	0.025	3.8226e+08
578	0.575	-0.05	0.05	3.8052e+08
579	0.575	-0.05	0.075	3.7573e+08
580	0.575	-0.05	0.1	3.8630e+08
581	0.575	-0.025	0.	4.0345e+08
582	0.575	-0.025	0.025	4.0679e+08
583	0.575	-0.025	0.05	4.0310e+08
584	0.575	-0.025	0.075	4.0217e+08
585	0.575	-0.025	0.1	4.0585e+08
586	0.575	0.	0.	4.2998e+08
587	0.575	0.	0.025	4.2799e+08
588	0.575	0.	0.05	4.3191e+08
589	0.575	0.	0.075	4.2691e+08
590	0.575	0.	0.1	4.3246e+08
591	0.575	0.025	0.	4.5705e+08
592	0.575	0.025	0.025	4.4844e+08
593	0.575	0.025	0.05	4.5560e+08
594	0.575	0.025	0.075	4.5923e+08
595	0.575	0.025	0.1	4.5362e+08
596	0.575	0.05	0.	4.8498e+08
597	0.575	0.05	0.025	4.8467e+08
598	0.575	0.05	0.05	4.7907e+08
599	0.575	0.05	0.075	4.8295e+08
600	0.575	0.05	0.1	4.8619e+08
601	0.6	-0.05	0.	3.8131e+08
602	0.6	-0.05	0.025	3.8337e+08
603	0.6	-0.05	0.05	3.8753e+08
604	0.6	-0.05	0.075	3.8137e+08
605	0.6	-0.05	0.1	3.8541e+08
606	0.6	-0.025	0.	4.0450e+08
607	0.6	-0.025	0.025	4.0749e+08
608	0.6	-0.025	0.05	4.0948e+08
609	0.6	-0.025	0.075	4.0017e+08
610	0.6	-0.025	0.1	4.0627e+08
611	0.6	0.	0.	4.3352e+08
612	0.6	0.	0.025	4.3281e+08
613	0.6	0.	0.05	4.3023e+08
614	0.6	0.	0.075	4.2821e+08
615	0.6	0.	0.1	4.3420e+08
616	0.6	0.025	0.	4.5484e+08
617	0.6	0.025	0.025	4.5801e+08
618	0.6	0.025	0.05	4.5740e+08
619	0.6	0.025	0.075	4.5438e+08
620	0.6	0.025	0.1	4.5993e+08
621	0.6	0.05	0.	4.7772e+08
622	0.6	0.05	0.025	4.8457e+08
623	0.6	0.05	0.05	4.8507e+08
624	0.6	0.05	0.075	4.8403e+08
625	0.6	0.05	0.1	4.7931e+08
626	0.625	-0.05	0.	3.9489e+08
627	0.625	-0.05	0.025	3.8747e+08
628	0.625	-0.05	0.05	3.8775e+08
629	0.625	-0.05	0.075	3.8693e+08
630	0.625	-0.05	0.1	3.8350e+08
631	0.625	-0.025	0.	4.1376e+08
632	0.625	-0.025	0.025	4.0764e+08
633	0.625	-0.025	0.05	4.1253e+08
634	0.625	-0.025	0.075	4.1332e+08
635	0.625	-0.025	0.1	4.1150e+08
636	0.625	0.	0.	4.2964e+08
637	0.625	0.	0.025	4.3085e+08
638	0.625	0.	0.05	4.2278e+08
639	0.625	0.	0.075	4.3163e+08
640	0.625	0.	0.1	4.3481e+08
641	0.625	0.025	0.	4.5365e+08
642	0.625	0.025	0.025	4.5237e+08
643	0.625	0.025	0.05	4.5343e+08
644	0.625	0.025	0.075	4.5894e+08
645	0.625	0.025	0.1	4.5432e+08
646	0.625	0.05	0.	4.8409e+08
647	0.625	0.05	0.025	4.7482e+08
648	0.625	0.05	0.05	4.7783e+08
649	0.625	0.05	0.075	4.7535e+08
650	0.625	0.05	0.1	4.8492e+08
651	0.65	-0.05	0.	3.9056e+08
652	0.65	-0.05	0.025	3.9664e+08
653	0.65	-0.05	0.05	3.8869e+08
654	0.65	-0.05	0.075	3.9477e+08
655	0.65	-0.05	0.1	3.9037e+08
656	0.65	-0.025	0.	4.1377e+08
657	0.65	-0.025	0.025	4.0701e+08
658	0.65	-0.025	0.05	4.1216e+08
659	0.65	-0.025	0.075	4.0750e+08
660	0.65	-0.025	0.1	4.1186e+08
661	0.65	0.	0.	4.2678e+08
662	0.65	0.	0.025	4.3171e+08
663	0.65	0.	0.05	4.3582e+08
664	0.65	0.	0.075	4.3392e+08
665	0.65	0.	0.1	4.2777e+08
666	0.65	0.025	0.	4.4614e+08
667	0.65	0.025	0.025	4.5482e+08
668	0.65	0.025	0.05	4.5875e+08
669	0.65	0.025	0.075	4.4952e+08
670	0.65	0.025	0.1	4.6062e+08
671	0.65	0.05	0.	4.7398e+08
672	0.65	0.05	0.025	4.6657e+08
673	0.65	0.05	0.05	4.6808e+08
674	0.65	0.05	0.075	4.7692e+08
675	0.65	0.05	0.1	4.7449e+08
676	0.675	-0.05	0.	3.9766e+08
677	0.675	-0.05	0.025	3.8923e+08
678	0.675	-0.05	0.05	3.9337e+08
679	0.675	-0.05	0.075	3.9302e+08
680	0.675	-0.05	0.1	3.9255e+08
681	0.675	-0.025	0.	4.1126e+08
682	0.675	-0.025	0.025	4.1132e+08
683	0.675	-0.025	0.05	4.1309e+08
684	0.675	-0.025	0.075	4.1352e+08
685	0.675	-0.025	0.1	4.1335e+08
686	0.675	0.	0.	4.3620e+08
687	0.675	0.	0.025	4.2788e+08
688	0.675	0.	0.05	4.2577e+08
689	0.675	0.	0.075	4.3555e+08
690	0.675	0.	0.1	4.2877e+08
691	0.675	0.025	0.	4.5015e+08
692	0.675	0.025	0.025	4.4931e+08
693	0.675	0.025	0.05	4.4923e+08
694	0.675	0.025	0.075	4.4625e+08
695	0.675	0.025	0.1	4.4946e+08
696	0.675	0.05	0.	4.7345e+08
697	0.675	0.05	0.025	4.7099e+08
698	0.675	0.05	0.05	4.7290e+08
699	0.675	0.05	0.075	4.6913e+08
700	0.675	0.05	0.1	4.7440e+08
701	0.7	-0.05	0.	3.9439e+08
702	0.7	-0.05	0.025	3.8932e+08
703	0.7	-0.05	0.05	3.9700e+08
704	0.7	-0.05	0.075	3.9843e+08
705	0.7	-0.05	0.1	3.9423e+08
706	0.7	-0.025	0.	4.1799e+08
707	0.7	-0.025	0.025	4.1120e+08
708	0.7	-0.025	0.05	4.1624e+08
709	0.7	-0.025	0.075	4.1980e+08
710	0.7	-0.025	0.1	4.1414e+08
711	0.7	0.	0.	4.3125e+08
712	0.7	0.	0.025	4.3167e+08
713	0.7	0.	0.05	4.3766e+08
714	0.7	0.	0.075	4.3342e+08
715	0.7	0.	0.1	4.3944e+08
716	0.7	0.025	0.	4.5102e+08
717	0.7	0.025	0.025	4.4766e+08
718	0.7	0.025	0.05	4.4792e+08
719	0.7	0.025	0.075	4.5024e+08
720	0.7	0.025	0.1	4.4267e+08
721	0.7	0.05	0.	4.6622e+08
722	0.7	0.05	0.025	4.6630e+08
723	0.7	0.05	0.05	4.6890e+08
724	0.7	0.05	0.075	4.7527e+08
725	0.7	0.05	0.1	4.6821e+08
726	0.725	-0.05	0.	3.9286e+08
727	0.725	-0.05	0.025	3.9608e+08
728	0.725	-0.05	0.05	3.9984e+08
729	0.725	-0.05	0.075	3.9930e+08
730	0.725	-0.05	0.1	4.0419e+08
731	0.725	-0.025	0.	4.1871e+08
732	0.725	-0.025	0.025	4.1861e+08
733	0.725	-0.025	0.05	4.1480e+08
734	0.725	-0.025	0.075	4.1917e+08
735	0.725	-0.025	0.1	4.1254e+08
736	0.725	0.	0.	4.3538e+08
737	0.725	0.	0.025	4.3106e+08
738	0.725	0.	0.05	4.2703e+08
739	0.725	0.	0.075	4.3408e+08
740	0.725	0.	0.1	4.3686e+08
741	0.725	0.025	0.	4.4706e+08
742	0.725	0.025	0.025	4.5412e+08
743	0.725	0.025	0.05	4.4258e+08
744	0.725	0.025	0.075	4.4422e+08
745	0.725	0.025	0.1	4.4799e+08
746	0.725	0.05	0.	4.6362e+08
747	0.725	0.05	0.025	4.6252e+08
748	0.725	0.05	0.05	4.6550e+08
749	0.725	0.05	0.075	4.6303e+08
750	0.725	0.05	0.1	4.6366e+08
751	0.75	-0.05	0.	4.0290e+08
752	0.75	-0.05	0.025	3.9985e+08
753	0.75	-0.05	0.05	4.0166e+08
754	0.75	-0.05	0.075	3.9992e+08
755	0.75	-0.05	0.1	3.9812e+08
756	0.75	-0.025	0.	4.1957e+08
757	0.75	-0.025	0.025	4.2272e+08
758	0.75	-0.025	0.05	4.2057e+08
759	0.75	-0.025	0.075	4.1812e+08
760	0.75	-0.025	0.1	4.1488e+08
761	0.75	0.	0.	4.3104e+08
762	0.75	0.	0.025	4.3568e+08
763	0.75	0.	0.05	4.2415e+08
764	0.75	0.	0.075	4.3078e+08
765	0.75	0.	0.1	4.3457e+08
766	0.75	0.025	0.	4.4295e+08
767	0.75	0.025	0.025	4.4853e+08
768	0.75	0.025	0.05	4.4837e+08
769	0.75	0.025	0.075	4.4182e+08
770	0.75	0.025	0.1	4.4733e+08
771	0.75	0.05	0.	4.5972e+08
772	0.75	0.05	0.025	4.6354e+08
773	0.75	0.05	0.05	4.6448e+08
774	0.75	0.05	0.075	4.6347e+08
775	0.75	0.05	0.1	4.6227e+08
776	0.775	-0.05	0.	4.0594e+08
777	0.775	-0.05	0.025	4.0119e+08
778	0.775	-0.05	0.05	4.0490e+08
779	0.775	-0.05	0.075	4.0242e+08
780	0.775	-0.05	0.1	4.0834e+08
781	0.775	-0.025	0.	4.2081e+08
782	0.775	-0.025	0.025	4.2080e+08
783	0.775	-0.025	0.05	4.2426e+08
784	0.775	-0.025	0.075	4.1741e+08
785	0.775	-0.025	0.1	4.1668e+08
786	0.775	0.	0.	4.3081e+08
787	0.775	0.	0.025	4.2649e+08
788	0.775	0.	0.05	4.2677e+08
789	0.775	0.	0.075	4.3418e+08
790	0.775	0.	0.1	4.2721e+08
791	0.775	0.025	0.	4.4169e+08
792	0.775	0.025	0.025	4.4515e+08
793	0.775	0.025	0.05	4.4405e+08
794	0.775	0.025	0.075	4.4867e+08
795	0.775	0.025	0.1	4.4573e+08
796	0.775	0.05	0.	4.5607e+08
797	0.775	0.05	0.025	4.6257e+08
798	0.775	0.05	0.05	4.6168e+08
799	0.775	0.05	0.075	4.5382e+08
800	0.775	0.05	0.1	4.5993e+08
801	0.8	-0.05	0.	4.0567e+08
802	0.8	-0.05	0.025	4.0558e+08
803	0.8	-0.05	0.05	4.1410e+08
804	0.8	-0.05	0.075	4.0841e+08
805	0.8	-0.05	0.1	4.0729e+08
806	0.8	-0.025	0.	4.2030e+08
807	0.8	-0.025	0.025	4.2296e+08
808	0.8	-0.025	0.05	4.1766e+08
809	0.8	-0.025	0.075	4.1823e+08
810	0.8	-0.025	0.1	4.2222e+08
811	0.8	0.	0.	4.2679e+08
812	0.8	0.	0.025	4.3546e+08
813	0.8	0.	0.05	4.2648e+08
814	0.8	0.	0.075	4.3118e+08
815	0.8	0.	0.1	4.2651e+08
816	0.8	0.025	0.	4.4027e+08
817	0.8	0.025	0.025	4.4863e+08
818	0.8	0.025	0.05	4.4773e+08
819	0.8	0.025	0.075	4.4811e+08
820	0.8	0.025	0.1	4.3887e+08
821	0.8	0.05	0.	4.5217e+08
822	0.8	0.05	0.025	4.5724e+08
823	0.8	0.05	0.05	4.5861e+08
824	0.8	0.05	0.075	4.5308e+08
825	0.8	0.05	0.1	4.5389e+08
826	0.825	-0.05	0.	4.0728e+08
827	0.825	-0.05	0.025	4.1645e+08
828	0.825	-0.05	0.05	4.0944e+08
829	0.825	-0.05	0.075	4.1110e+08
830	0.825	-0.05	0.1	4.1128e+08
831	0.825	-0.025	0.	4.2525e+08
832	0.825	-0.025	0.025	4.1831e+08
833	0.825	-0.025	0.05	4.2546e+08
834	0.825	-0.025	0.075	4.1721e+08
835	0.825	-0.025	0.1	4.2545e+08
836	0.825	0.	0.	4.2610e+08
837	0.825	0.	0.025	4.3167e+08
838	0.825	0.	0.05	4.3765e+08
839	0.825	0.	0.075	4.3444e+08
840	0.825	0.	0.1	4.3349e+08
841	0.825	0.025	0.	4.3881e+08
842	0.825	0.025	0.025	4.3992e+08
843	0.825	0.025	0.05	4.4728e+08
844	0.825	0.025	0.075	4.4419e+08
845	0.825	0.025	0.1	4.4567e+08
846	0.825	0.05	0.	4.5327e+08
847	0.825	0.05	0.025	4.5198e+08
848	0.825	0.05	0.05	4.5578e+08
849	0.825	0.05	0.075	4.5394e+08
850	0.825	0.05	0.1	4.5238e+08
851	0.85	-0.05	0.	4.0932e+08
852	0.85	-0.05	0.025	4.1716e+08
853	0.85	-0.05	0.05	4.1546e+08
854	0.85	-0.05	0.075	4.1199e+08
855	0.85	-0.05	0.1	4.1791e+08
856	0.85	-0.025	0.	4.2384e+08
857	0.85	-0.025	0.025	4.2391e+08
858	0.85	-0.025	0.05	4.2601e+08
859	0.85	-0.025	0.075	4.2528e+08
860	0.85	-0.025	0.1	4.2401e+08
861	0.85	0.	0.	4.3138e+08
862	0.85	0.	0.025	4.3889e+08
863	0.85	0.	0.05	4.2950e+08
864	0.85	0.	0.075	4.3461e+08
865	0.85	0.	0.1	4.3174e+08
866	0.85	0.025	0.	4.4262e+08
867	0.85	0.025	0.025	4.4537e+08
868	0.85	0.025	0.05	4.3992e+08
869	0.85	0.025	0.075	4.4314e+08
870	0.85	0.025	0.1	4.4195e+08
871	0.85	0.05	0.	4.4769e+08
872	0.85	0.05	0.025	4.5453e+08
873	0.85	0.05	0.05	4.5256e+08
874	0.85	0.05	0.075	4.4844e+08
875	0.85	0.05	0.1	4.5397e+08
876	0.875	-0.05	0.	4.1423e+08
877	0.875	-0.05	0.025	4.1690e+08
878	0.875	-0.05	0.05	4.1557e+08
879	0.875	-0.05	0.075	4.1951e+08
880	0.875	-0.05	0.1	4.1540e+08
881	0.875	-0.025	0.	4.2709e+08
882	0.875	-0.025	0.025	4.2654e+08
883	0.875	-0.025	0.05	4.2324e+08
884	0.875	-0.025	0.075	4.3073e+08
885	0.875	-0.025	0.1	4.2199e+08
886	0.875	0.	0.	4.2716e+08
887	0.875	0.	0.025	4.3499e+08
888	0.875	0.	0.05	4.2460e+08
889	0.875	0.	0.075	4.3719e+08
890	0.875	0.	0.1	4.3238e+08
891	0.875	0.025	0.	4.3450e+08
892	0.875	0.025	0.025	4.3618e+08
893	0.875	0.025	0.05	4.3377e+08
894	0.875	0.025	0.075	4.4086e+08
895	0.875	0.025	0.1	4.3485e+08
896	0.875	0.05	0.	4.4880e+08
897	0.875	0.05	0.025	4.4591e+08
898	0.875	0.05	0.05	4.4530e+08
899	0.875	0.05	0.075	4.4882e+08
900	0.875	0.05	0.1	4.4923e+08
901	0.9	-0.05	0.	4.2385e+08
902	0.9	-0.05	0.025	4.1787e+08
903	0.9	-0.05	0.05	4.1990e+08
904	0.9	-0.05	0.075	4.1787e+08
905	0.9	-0.05	0.1	4.2055e+08
906	0.9	-0.025	0.	4.2337e+08
907	0.9	-0.025	0.025	4.2457e+08
908	0.9	-0.025	0.05	4.2459e+08
909	0.9	-0.025	0.075	4.2702e+08
910	0.9	-0.025	0.1	4.2603e+08
911	0.9	0.	0.	4.3378e+08
912	0.9	0.	0.025	4.3166e+08
913	0.9	0.	0.05	4.3003e+08
914	0.9	0.	0.075	4.3269e+08
915	0.9	0.	0.1	4.2886e+08
916	0.9	0.025	0.	4.4001e+08
917	0.9	0.025	0.025	4.3702e+08
918	0.9	0.025	0.05	4.3873e+08
919	0.9	0.025	0.075	4.3879e+08
920	0.9	0.025	0.1	4.4363e+08
921	0.9	0.05	0.	4.4536e+08
922	0.9	0.05	0.025	4.4426e+08
923	0.9	0.05	0.05	4.4154e+08
924	0.9	0.05	0.075	4.4685e+08
925	0.9	0.05	0.1	4.4304e+08
926	0.925	-0.05	0.	4.1784e+08
927	0.925	-0.05	0.025	4.2234e+08
928	0.925	-0.05	0.05	4.2365e+08
929	0.925	-0.05	0.075	4.2023e+08
930	0.925	-0.05	0.1	4.2260e+08
931	0.925	-0.025	0.	4.2727e+08
932	0.925	-0.025	0.025	4.2733e+08
933	0.925	-0.025	0.05	4.3174e+08
934	0.925	-0.025	0.075	4.2303e+08
935	0.925	-0.025	0.1	4.3447e+08
936	0.925	0.	0.	4.3192e+08
937	0.925	0.	0.025	4.3404e+08
938	0.925	0.	0.05	4.3247e+08
939	0.925	0.	0.075	4.2607e+08
940	0.925	0.	0.1	4.2838e+08
941	0.925	0.025	0.	4.3469e+08
942	0.925	0.025	0.025	4.3999e+08
943	0.925	0.025	0.05	4.3168e+08
944	0.925	0.025	0.075	4.3353e+08
945	0.925	0.025	0.1	4.3709e+08
946	0.925	0.05	0.	4.4267e+08
947	0.925	0.05	0.025	4.4256e+08
948	0.925	0.05	0.05	4.3753e+08
949	0.925	0.05	0.075	4.3536e+08
950	0.925	0.05	0.1	4.4290e+08
951	0.95	-0.05	0.	4.3088e+08
952	0.95	-0.05	0.025	4.2482e+08
953	0.95	-0.05	0.05	4.2210e+08
954	0.95	-0.05	0.075	4.2453e+08
955	0.95	-0.05	0.1	4.2734e+08
956	0.95	-0.025	0.	4.2822e+08
957	0.95	-0.025	0.025	4.3385e+08
958	0.95	-0.025	0.05	4.3219e+08
959	0.95	-0.025	0.075	4.2965e+08
960	0.95	-0.025	0.1	4.2231e+08
961	0.95	0.	0.	4.2964e+08
962	0.95	0.	0.025	4.3014e+08
963	0.95	0.	0.05	4.2945e+08
964	0.95	0.	0.075	4.3269e+08
965	0.95	0.	0.1	4.3276e+08
966	0.95	0.025	0.	4.2919e+08
967	0.95	0.025	0.025	4.3782e+08
968	0.95	0.025	0.05	4.3507e+08
969	0.95	0.025	0.075	4.3626e+08
970	0.95	0.025	0.1	4.3761e+08
971	0.95	0.05	0.	4.3531e+08
972	0.95	0.05	0.025	4.4241e+08
973	0.95	0.05	0.05	4.3750e+08
974	0.95	0.05	0.075	4.4330e+08
975	0.95	0.05	0.1	4.3487e+08
976	0.975	-0.05	0.	4.3394e+08
977	0.975	-0.05	0.025	4.2590e+08
978	0.975	-0.05	0.05	4.3775e+08
979	0.975	-0.05	0.075	4.2573e+08
980	0.975	-0.05	0.1	4.3263e+08
981	0.975	-0.025	0.	4.2927e+08
982	0.975	-0.025	0.025	4.3298e+08
983	0.975	-0.025	0.05	4.3038e+08
984	0.975	-0.025	0.075	4.2676e+08
985	0.975	-0.025	0.1	4.2088e+08
986	0.975	0.	0.	4.4070e+08
987	0.975	0.	0.025	4.3228e+08
988	0.975	0.	0.05	4.2186e+08
989	0.975	0.	0.075	4.3308e+08
990	0.975	0.	0.1	4.3441e+08
991	0.975	0.025	0.	4.3104e+08
992	0.975	0.025	0.025	4.3106e+08
993	0.975	0.025	0.05	4.3345e+08
994	0.975	0.025	0.075	4.3769e+08
995	0.975	0.025	0.1	4.3386e+08
996	0.975	0.05	0.	4.4009e+08
997	0.975	0.05	0.025	4.3894e+08
998	0.975	0.05	0.05	4.3420e+08
999	0.975	0.05	0.075	4.2953e+08
1000	0.975	0.05	0.1	4.3421e+08
1001	1	-0.05	0.	4.3382e+08
1002	1	-0.05	0.025	4.3221e+08
1003	1	-0.05	0.05	4.3419e+08
1004	1	-0.05	0.075	4.3498e+08
1005	1	-0.05	0.1	4.3383e+08
1006	1	-0.025	0.	4.3107e+08
1007	1	-0.025	0.025	4.3381e+08
1008	1	-0.025	0.05	4.3974e+08
1009	1	-0.025	0.075	4.2687e+08
1010	1	-0.025	0.1	4.3370e+08
1011	1	0.	0.	4.3836e+08
1012	1	0.	0.025	4.2797e+08
1013	1	0.	0.05	4.3549e+08
1014	1	0.	0.075	4.3595e+08
1015	1	0.	0.1	4.2693e+08
1016	1	0.025	0.	4.3448e+08
1017	1	0.025	0.025	4.3108e+08
1018	1	0.025	0.05	4.3181e+08
1019	1	0.025	0.075	4.3089e+08
1020	1	0.025	0.1	4.3655e+08
1021	1	0.05	0.	4.3161e+08
1022	1	0.05	0.025	4.3040e+08
1023	1	0.05	0.05	4.3046e+08
1024	1	0.05	0.075	4.3082e+08
1025	1	0.05	0.1	4.2827e+08
