Node Number	X Location (m)	Y Location (m)	Z Location (m)	Equivalent (von-Mises) Stress (Pa)
1	0.	-0.05	0.	2.3925e+08
2	0.	-0.05	0.025	2.4108e+08
3	0.	-0.05	0.05	2.3953e+08
4	0.	-0.05	0.075	2.4277e+08
5	0.	-0.05	0.1	2.3825e+08
6	0.	-0.025	0.	1.1913e+08
7	0.	-0.025	0.025	1.2115e+08
8	0.	-0.025	0.05	1.1833e+08
9	0.	-0.025	0.075	1.2009e+08
10	0.	-0.025	0.1	1.2102e+08
11	0.	0.	0.	1.0210e+07
12	0.	0.	0.025	1.0398e+07
13	0.	0.	0.05	1.0268e+07
14	0.	0.	0.075	1.0239e+07
15	0.	0.	0.1	1.0304e+07
16	0.	0.025	0.	1.2008e+08
17	0.	0.025	0.025	1.1957e+08
18	0.	0.025	0.05	1.2132e+08
19	0.	0.025	0.075	1.2033e+08
20	0.	0.025	0.1	1.1978e+08
21	0.	0.05	0.	2.3748e+08
22	0.	0.05	0.025	2.4043e+08
23	0.	0.05	0.05	2.4395e+08
24	0.	0.05	0.075	2.3865e+08
25	0.	0.05	0.1	2.3888e+08
26	0.025	-0.05	0.	2.3201e+08
27	0.025	-0.05	0.025	2.3622e+08
28	0.025	-0.05	0.05	2.3574e+08
29	0.025	-0.05	0.075	2.3316e+08
30	0.025	-0.05	0.1	2.3288e+08
31	0.025	-0.025	0.	1.1637e+08
32	0.025	-0.025	0.025	1.1699e+08
33	0.025	-0.025	0.05	1.1822e+08
34	0.025	-0.025	0.075	1.1730e+08
35	0.025	-0.025	0.1	1.1847e+08
36	0.025	0.	0.	1.0332e+07
37	0.025	0.	0.025	1.0200e+07
38	0.025	0.	0.05	1.0609e+07
39	0.025	0.	0.075	1.0410e+07
40	0.025	0.	0.1	1.0457e+07
41	0.025	0.025	0.	1.1652e+08
42	0.025	0.025	0.025	1.1598e+08
43	0.025	0.025	0.05	1.1740e+08
44	0.025	0.025	0.075	1.1539e+08
45	0.025	0.025	0.1	1.1701e+08
46	0.025	0.05	0.	2.3591e+08
47	0.025	0.05	0.025	2.3484e+08
48	0.025	0.05	0.05	2.3448e+08
49	0.025	0.05	0.075	2.3726e+08
50	0.025	0.05	0.1	2.3470e+08
51	0.05	-0.05	0.	2.2453e+08
52	0.05	-0.05	0.025	2.2773e+08
53	0.05	-0.05	0.05	2.3151e+08
54	0.05	-0.05	0.075	2.2744e+08
55	0.05	-0.05	0.1	2.3140e+08
56	0.05	-0.025	0.	1.1520e+08
57	0.05	-0.025	0.025	1.1389e+08
58	0.05	-0.025	0.05	1.1328e+08
59	0.05	-0.025	0.075	1.1458e+08
60	0.05	-0.025	0.1	1.1543e+08
61	0.05	0.	0.	1.0261e+07
62	0.05	0.	0.025	1.0402e+07
63	0.05	0.	0.05	1.0223e+07
64	0.05	0.	0.075	1.0364e+07
65	0.05	0.	0.1	1.0255e+07
66	0.05	0.025	0.	1.1478e+08
67	0.05	0.025	0.025	1.1364e+08
68	0.05	0.025	0.05	1.1532e+08
69	0.05	0.025	0.075	1.1377e+08
70	0.05	0.025	0.1	1.1369e+08
71	0.05	0.05	0.	2.2505e+08
72	0.05	0.05	0.025	2.2871e+08
73	0.05	0.05	0.05	2.2890e+08
74	0.05	0.05	0.075	2.2971e+08
75	0.05	0.05	0.1	2.2920e+08
76	0.075	-0.05	0.	2.2271e+08
77	0.075	-0.05	0.025	2.2306e+08
78	0.075	-0.05	0.05	2.2324e+08
79	0.075	-0.05	0.075	2.2361e+08
80	0.075	-0.05	0.1	2.1929e+08
81	0.075	-0.025	0.	1.1086e+08
82	0.075	-0.025	0.025	1.0983e+08
83	0.075	-0.025	0.05	1.1157e+08
84	0.075	-0.025	0.075	1.1272e+08
85	0.075	-0.025	0.1	1.1207e+08
86	0.075	0.	0.	1.0342e+07
87	0.075	0.	0.025	1.0434e+07
88	0.075	0.	0.05	1.0421e+07
89	0.075	0.	0.075	1.0412e+07
90	0.075	0.	0.1	1.0284e+07
91	0.075	0.025	0.	1.1244e+08
92	0.075	0.025	0.025	1.1022e+08
93	0.075	0.025	0.05	1.1095e+08
94	0.075	0.025	0.075	1.1213e+08
95	0.075	0.025	0.1	1.1094e+08
96	0.075	0.05	0.	2.2214e+08
97	0.075	0.05	0.025	2.2221e+08
98	0.075	0.05	0.05	2.2212e+08
99	0.075	0.05	0.075	2.2220e+08
100	0.075	0.05	0.1	2.2238e+08
101	0.1	-0.05	0.	2.1613e+08
102	0.1	-0.05	0.025	2.1445e+08
103	0.1	-0.05	0.05	2.1332e+08
104	0.1	-0.05	0.075	2.1772e+08
105	0.1	-0.05	0.1	2.1780e+08
106	0.1	-0.025	0.	1.0857e+08
107	0.1	-0.025	0.025	1.0857e+08
108	0.1	-0.025	0.05	1.0749e+08
109	0.1	-0.025	0.075	1.0617e+08
110	0.1	-0.025	0.1	1.0807e+08
111	0.1	0.	0.	1.0235e+07
112	0.1	0.	0.025	1.0408e+07
113	0.1	0.	0.05	1.0501e+07
114	0.1	0.	0.075	1.0341e+07
115	0.1	0.	0.1	1.0346e+07
116	0.1	0.025	0.	1.0741e+08
117	0.1	0.025	0.025	1.0832e+08
118	0.1	0.025	0.05	1.0825e+08
119	0.1	0.025	0.075	1.0740e+08
120	0.1	0.025	0.1	1.0907e+08
121	0.1	0.05	0.	2.2067e+08
122	0.1	0.05	0.025	2.1806e+08
123	0.1	0.05	0.05	2.1581e+08
124	0.1	0.05	0.075	2.1579e+08
125	0.1	0.05	0.1	2.1511e+08
126	0.125	-0.05	0.	2.0910e+08
127	0.125	-0.05	0.025	2.1161e+08
128	0.125	-0.05	0.05	2.1168e+08
129	0.125	-0.05	0.075	2.0804e+08
130	0.125	-0.05	0.1	2.1062e+08
131	0.125	-0.025	0.	1.0622e+08
132	0.125	-0.025	0.025	1.0499e+08
133	0.125	-0.025	0.05	1.0511e+08
134	0.125	-0.025	0.075	1.0588e+08
135	0.125	-0.025	0.1	1.0590e+08
136	0.125	0.	0.	1.0428e+07
137	0.125	0.	0.025	1.0413e+07
138	0.125	0.	0.05	1.0425e+07
139	0.125	0.	0.075	1.0369e+07
140	0.125	0.	0.1	1.0299e+07
141	0.125	0.025	0.	1.0398e+08
142	0.125	0.025	0.025	1.0579e+08
143	0.125	0.025	0.05	1.0538e+08
144	0.125	0.025	0.075	1.0567e+08
145	0.125	0.025	0.1	1.0459e+08
146	0.125	0.05	0.	2.1017e+08
147	0.125	0.05	0.025	2.1013e+08
148	0.125	0.05	0.05	2.1215e+08
149	0.125	0.05	0.075	2.1143e+08
150	0.125	0.05	0.1	2.0876e+08
151	0.15	-0.05	0.	2.0482e+08
152	0.15	-0.05	0.025	2.0278e+08
153	0.15	-0.05	0.05	1.9974e+08
154	0.15	-0.05	0.075	2.0682e+08
155	0.15	-0.05	0.1	2.0339e+08
156	0.15	-0.025	0.	1.0315e+08
157	0.15	-0.025	0.025	1.0176e+08
158	0.15	-0.025	0.05	1.0164e+08
159	0.15	-0.025	0.075	1.0185e+08
160	0.15	-0.025	0.1	1.0250e+08
161	0.15	0.	0.	1.0407e+07
162	0.15	0.	0.025	1.0434e+07
163	0.15	0.	0.05	1.0351e+07
164	0.15	0.	0.075	1.0396e+07
165	0.15	0.	0.1	1.0322e+07
166	0.15	0.025	0.	1.0350e+08
167	0.15	0.025	0.025	1.0122e+08
168	0.15	0.025	0.05	1.0162e+08
169	0.15	0.025	0.075	1.0195e+08
170	0.15	0.025	0.1	1.0425e+08
171	0.15	0.05	0.	2.0525e+08
172	0.15	0.05	0.025	2.0261e+08
173	0.15	0.05	0.05	2.0534e+08
174	0.15	0.05	0.075	2.0484e+08
175	0.15	0.05	0.1	2.0445e+08
176	0.175	-0.05	0.	1.9910e+08
177	0.175	-0.05	0.025	1.9809e+08
178	0.175	-0.05	0.05	1.9827e+08
179	0.175	-0.05	0.075	1.9554e+08
180	0.175	-0.05	0.1	2.0029e+08
181	0.175	-0.025	0.	9.8951e+07
182	0.175	-0.025	0.025	9.8323e+07
183	0.175	-0.025	0.05	9.8906e+07
184	0.175	-0.025	0.075	9.8938e+07
185	0.175	-0.025	0.1	9.8670e+07
186	0.175	0.	0.	1.0457e+07
187	0.175	0.	0.025	1.0473e+07
188	0.175	0.	0.05	1.0229e+07
189	0.175	0.	0.075	1.0350e+07
190	0.175	0.	0.1	1.0355e+07
191	0.175	0.025	0.	9.9170e+07
192	0.175	0.025	0.025	1.0066e+08
193	0.175	0.025	0.05	9.8660e+07
194	0.175	0.025	0.075	1.0055e+08
195	0.175	0.025	0.1	9.9190e+07
196	0.175	0.05	0.	2.0049e+08
197	0.175	0.05	0.025	1.9751e+08
198	0.175	0.05	0.05	1.9732e+08
199	0.175	0.05	0.075	1.9796e+08
200	0.175	0.05	0.1	2.0005e+08
201	0.2	-0.05	0.	1.9224e+08
202	0.2	-0.05	0.025	1.9232e+08
203	0.2	-0.05	0.05	1.9298e+08
204	0.2	-0.05	0.075	1.9065e+08
205	0.2	-0.05	0.1	1.9252e+08
206	0.2	-0.025	0.	9.5832e+07
207	0.2	-0.025	0.025	9.7450e+07
208	0.2	-0.025	0.05	9.6638e+07
209	0.2	-0.025	0.075	9.6850e+07
210	0.2	-0.025	0.1	9.4745e+07
211	0.2	0.	0.	1.0451e+07
212	0.2	0.	0.025	1.0378e+07
213	0.2	0.	0.05	1.0273e+07
214	0.2	0.	0.075	1.0400e+07
215	0.2	0.	0.1	1.0266e+07
216	0.2	0.025	0.	9.6787e+07
217	0.2	0.025	0.025	9.7421e+07
218	0.2	0.025	0.05	9.4936e+07
219	0.2	0.025	0.075	9.6293e+07
220	0.2	0.025	0.1	9.6189e+07
221	0.2	0.05	0.	1.8894e+08
222	0.2	0.05	0.025	1.9341e+08
223	0.2	0.05	0.05	1.9296e+08
224	0.2	0.05	0.075	1.9511e+08
225	0.2	0.05	0.1	1.9276e+08
226	0.225	-0.05	0.	1.8469e+08
227	0.225	-0.05	0.025	1.8677e+08
228	0.225	-0.05	0.05	1.8791e+08
229	0.225	-0.05	0.075	1.8531e+08
230	0.225	-0.05	0.1	1.8727e+08
231	0.225	-0.025	0.	9.1568e+07
232	0.225	-0.025	0.025	9.4427e+07
233	0.225	-0.025	0.05	9.3924e+07
234	0.225	-0.025	0.075	9.1426e+07
235	0.225	-0.025	0.1	9.3612e+07
236	0.225	0.	0.	1.0227e+07
237	0.225	0.	0.025	1.0342e+07
238	0.225	0.	0.05	1.0449e+07
239	0.225	0.	0.075	1.0381e+07
240	0.225	0.	0.1	1.0497e+07
241	0.225	0.025	0.	9.3374e+07
242	0.225	0.025	0.025	9.3298e+07
243	0.225	0.025	0.05	9.4146e+07
244	0.225	0.025	0.075	9.3074e+07
245	0.225	0.025	0.1	9.3307e+07
246	0.225	0.05	0.	1.8616e+08
247	0.225	0.05	0.025	1.8590e+08
248	0.225	0.05	0.05	1.8773e+08
249	0.225	0.05	0.075	1.8501e+08
250	0.225	0.05	0.1	1.8476e+08
251	0.25	-0.05	0.	1.7847e+08
252	0.25	-0.05	0.025	1.7692e+08
253	0.25	-0.05	0.05	1.8214e+08
254	0.25	-0.05	0.075	1.7870e+08
255	0.25	-0.05	0.1	1.7966e+08
256	0.25	-0.025	0.	9.1463e+07
257	0.25	-0.025	0.025	9.0234e+07
258	0.25	-0.025	0.05	9.0709e+07
259	0.25	-0.025	0.075	8.9310e+07
260	0.25	-0.025	0.1	9.1347e+07
261	0.25	0.	0.	1.0382e+07
262	0.25	0.	0.025	1.0308e+07
263	0.25	0.	0.05	1.0308e+07
264	0.25	0.	0.075	1.0533e+07
265	0.25	0.	0.1	1.0344e+07
266	0.25	0.025	0.	8.9617e+07
267	0.25	0.025	0.025	9.0024e+07
268	0.25	0.025	0.05	9.0370e+07
269	0.25	0.025	0.075	9.0447e+07
270	0.25	0.025	0.1	9.0658e+07
271	0.25	0.05	0.	1.8034e+08
272	0.25	0.05	0.025	1.8093e+08
273	0.25	0.05	0.05	1.7961e+08
274	0.25	0.05	0.075	1.8298e+08
275	0.25	0.05	0.1	1.7930e+08
276	0.275	-0.05	0.	1.7588e+08
277	0.275	-0.05	0.025	1.7317e+08
278	0.275	-0.05	0.05	1.7201e+08
279	0.275	-0.05	0.075	1.7168e+08
280	0.275	-0.05	0.1	1.7442e+08
281	0.275	-0.025	0.	8.8160e+07
282	0.275	-0.025	0.025	8.6544e+07
283	0.275	-0.025	0.05	8.6735e+07
284	0.275	-0.025	0.075	8.7618e+07
285	0.275	-0.025	0.1	8.7347e+07
286	0.275	0.	0.	1.0344e+07
287	0.275	0.	0.025	1.0286e+07
288	0.275	0.	0.05	1.0418e+07
289	0.275	0.	0.075	1.0447e+07
290	0.275	0.	0.1	1.0433e+07
291	0.275	0.025	0.	8.7367e+07
292	0.275	0.025	0.025	8.6611e+07
293	0.275	0.025	0.05	8.7568e+07
294	0.275	0.025	0.075	8.7516e+07
295	0.275	0.025	0.1	8.6431e+07
296	0.275	0.05	0.	1.7358e+08
297	0.275	0.05	0.025	1.7451e+08
298	0.275	0.05	0.05	1.7389e+08
299	0.275	0.05	0.075	1.7127e+08
300	0.275	0.05	0.1	1.7311e+08
301	0.3	-0.05	0.	1.6705e+08
302	0.3	-0.05	0.025	1.6875e+08
303	0.3	-0.05	0.05	1.7149e+08
304	0.3	-0.05	0.075	1.6818e+08
305	0.3	-0.05	0.1	1.6639e+08
306	0.3	-0.025	0.	8.4253e+07
307	0.3	-0.025	0.025	8.4368e+07
308	0.3	-0.025	0.05	8.4871e+07
309	0.3	-0.025	0.075	8.5199e+07
310	0.3	-0.025	0.1	8.5300e+07
311	0.3	0.	0.	1.0437e+07
312	0.3	0.	0.025	1.0392e+07
313	0.3	0.	0.05	1.0516e+07
314	0.3	0.	0.075	1.0363e+07
315	0.3	0.	0.1	1.0397e+07
316	0.3	0.025	0.	8.4197e+07
317	0.3	0.025	0.025	8.2922e+07
318	0.3	0.025	0.05	8.5219e+07
319	0.3	0.025	0.075	8.4817e+07
320	0.3	0.025	0.1	8.2761e+07
321	0.3	0.05	0.	1.6935e+08
322	0.3	0.05	0.025	1.6759e+08
323	0.3	0.05	0.05	1.6933e+08
324	0.3	0.05	0.075	1.6810e+08
325	0.3	0.05	0.1	1.6618e+08
326	0.325	-0.05	0.	1.6203e+08
327	0.325	-0.05	0.025	1.6084e+08
328	0.325	-0.05	0.05	1.6042e+08
329	0.325	-0.05	0.075	1.6312e+08
330	0.325	-0.05	0.1	1.6251e+08
331	0.325	-0.025	0.	8.2349e+07
332	0.325	-0.025	0.025	8.1117e+07
333	0.325	-0.025	0.05	8.0747e+07
334	0.325	-0.025	0.075	8.1790e+07
335	0.325	-0.025	0.1	8.0831e+07
336	0.325	0.	0.	1.0367e+07
337	0.325	0.	0.025	1.0436e+07
338	0.325	0.	0.05	1.0382e+07
339	0.325	0.	0.075	1.0352e+07
340	0.325	0.	0.1	1.0276e+07
341	0.325	0.025	0.	8.1984e+07
342	0.325	0.025	0.025	8.1134e+07
343	0.325	0.025	0.05	8.1777e+07
344	0.325	0.025	0.075	8.1691e+07
345	0.325	0.025	0.1	8.2085e+07
346	0.325	0.05	0.	1.6169e+08
347	0.325	0.05	0.025	1.6155e+08
348	0.325	0.05	0.05	1.6056e+08
349	0.325	0.05	0.075	1.6130e+08
350	0.325	0.05	0.1	1.6244e+08
351	0.35	-0.05	0.	1.5498e+08
352	0.35	-0.05	0.025	1.5639e+08
353	0.35	-0.05	0.05	1.5783e+08
354	0.35	-0.05	0.075	1.5544e+08
355	0.35	-0.05	0.1	1.5436e+08
356	0.35	-0.025	0.	7.8129e+07
357	0.35	-0.025	0.025	7.7496e+07
358	0.35	-0.025	0.05	7.9225e+07
359	0.35	-0.025	0.075	7.8442e+07
360	0.35	-0.025	0.1	7.7932e+07
361	0.35	0.	0.	1.0346e+07
362	0.35	0.	0.025	1.0294e+07
363	0.35	0.	0.05	1.0476e+07
364	0.35	0.	0.075	1.0545e+07
365	0.35	0.	0.1	1.0268e+07
366	0.35	0.025	0.	7.9043e+07
367	0.35	0.025	0.025	7.8234e+07
368	0.35	0.025	0.05	7.9183e+07
369	0.35	0.025	0.075	7.7238e+07
370	0.35	0.025	0.1	7.8530e+07
371	0.35	0.05	0.	1.5549e+08
372	0.35	0.05	0.025	1.5682e+08
373	0.35	0.05	0.05	1.5608e+08
374	0.35	0.05	0.075	1.5603e+08
375	0.35	0.05	0.1	1.5587e+08
376	0.375	-0.05	0.	1.5187e+08
377	0.375	-0.05	0.025	1.4979e+08
378	0.375	-0.05	0.05	1.5104e+08
379	0.375	-0.05	0.075	1.5075e+08
380	0.375	-0.05	0.1	1.5107e+08
381	0.375	-0.025	0.	7.4792e+07
382	0.375	-0.025	0.025	7.5831e+07
383	0.375	-0.025	0.05	7.5607e+07
384	0.375	-0.025	0.075	7.4686e+07
385	0.375	-0.025	0.1	7.5276e+07
386	0.375	0.	0.	1.0583e+07
387	0.375	0.	0.025	1.0360e+07
388	0.375	0.	0.05	1.0362e+07
389	0.375	0.	0.075	1.0430e+07
390	0.375	0.	0.1	1.0347e+07
391	0.375	0.025	0.	7.5489e+07
392	0.375	0.025	0.025	7.5133e+07
393	0.375	0.025	0.05	7.5647e+07
394	0.375	0.025	0.075	7.5367e+07
395	0.375	0.025	0.1	7.6581e+07
396	0.375	0.05	0.	1.5006e+08
397	0.375	0.05	0.025	1.4973e+08
398	0.375	0.05	0.05	1.5124e+08
399	0.375	0.05	0.075	1.4833e+08
400	0.375	0.05	0.1	1.5203e+08
401	0.4	-0.05	0.	1.4286e+08
402	0.4	-0.05	0.025	1.4537e+08
403	0.4	-0.05	0.05	1.4568e+08
404	0.4	-0.05	0.075	1.4339e+08
405	0.4	-0.05	0.1	1.4350e+08
406	0.4	-0.025	0.	7.2357e+07
407	0.4	-0.025	0.025	7.2781e+07
408	0.4	-0.025	0.05	7.1842e+07
409	0.4	-0.025	0.075	7.2357e+07
410	0.4	-0.025	0.1	7.2239e+07
411	0.4	0.	0.	1.0297e+07
412	0.4	0.	0.025	1.0305e+07
413	0.4	0.	0.05	1.0403e+07
414	0.4	0.	0.075	1.0401e+07
415	0.4	0.	0.1	1.0329e+07
416	0.4	0.025	0.	7.2467e+07
417	0.4	0.025	0.025	7.2046e+07
418	0.4	0.025	0.05	7.3178e+07
419	0.4	0.025	0.075	7.2361e+07
420	0.4	0.025	0.1	7.3057e+07
421	0.4	0.05	0.	1.4205e+08
422	0.4	0.05	0.025	1.4437e+08
423	0.4	0.05	0.05	1.4469e+08
424	0.4	0.05	0.075	1.4384e+08
425	0.4	0.05	0.1	1.4338e+08
426	0.425	-0.05	0.	1.3783e+08
427	0.425	-0.05	0.025	1.3882e+08
428	0.425	-0.05	0.05	1.3666e+08
429	0.425	-0.05	0.075	1.3877e+08
430	0.425	-0.05	0.1	1.3835e+08
431	0.425	-0.025	0.	6.9294e+07
432	0.425	-0.025	0.025	6.9318e+07
433	0.425	-0.025	0.05	6.9473e+07
434	0.425	-0.025	0.075	7.0360e+07
435	0.425	-0.025	0.1	6.9632e+07
436	0.425	0.	0.	1.0314e+07
437	0.425	0.	0.025	1.0356e+07
438	0.425	0.	0.05	1.0297e+07
439	0.425	0.	0.075	1.0235e+07
440	0.425	0.	0.1	1.0296e+07
441	0.425	0.025	0.	6.9506e+07
442	0.425	0.025	0.025	7.0147e+07
443	0.425	0.025	0.05	6.9992e+07
444	0.425	0.025	0.075	6.8797e+07
445	0.425	0.025	0.1	6.8996e+07
446	0.425	0.05	0.	1.3696e+08
447	0.425	0.05	0.025	1.3515e+08
448	0.425	0.05	0.05	1.3781e+08
449	0.425	0.05	0.075	1.3889e+08
450	0.425	0.05	0.1	1.3772e+08
451	0.45	-0.05	0.	1.3066e+08
452	0.45	-0.05	0.025	1.3111e+08
453	0.45	-0.05	0.05	1.3165e+08
454	0.45	-0.05	0.075	1.3281e+08
455	0.45	-0.05	0.1	1.3181e+08
456	0.45	-0.025	0.	6.6796e+07
457	0.45	-0.025	0.025	6.6415e+07
458	0.45	-0.025	0.05	6.6585e+07
459	0.45	-0.025	0.075	6.5959e+07
460	0.45	-0.025	0.1	6.6094e+07
461	0.45	0.	0.	1.0288e+07
462	0.45	0.	0.025	1.0442e+07
463	0.45	0.	0.05	1.0368e+07
464	0.45	0.	0.075	1.0093e+07
465	0.45	0.	0.1	1.0432e+07
466	0.45	0.025	0.	6.6977e+07
467	0.45	0.025	0.025	6.6027e+07
468	0.45	0.025	0.05	6.6714e+07
469	0.45	0.025	0.075	6.6347e+07
470	0.45	0.025	0.1	6.5333e+07
471	0.45	0.05	0.	1.3406e+08
472	0.45	0.05	0.025	1.3178e+08
473	0.45	0.05	0.05	1.3221e+08
474	0.45	0.05	0.075	1.3134e+08
475	0.45	0.05	0.1	1.3169e+08
476	0.475	-0.05	0.	1.2616e+08
477	0.475	-0.05	0.025	1.2495e+08
478	0.475	-0.05	0.05	1.2771e+08
479	0.475	-0.05	0.075	1.2684e+08
480	0.475	-0.05	0.1	1.2652e+08
481	0.475	-0.025	0.	6.3408e+07
482	0.475	-0.025	0.025	6.3094e+07
483	0.475	-0.025	0.05	6.4003e+07
484	0.475	-0.025	0.075	6.3790e+07
485	0.475	-0.025	0.1	6.3277e+07
486	0.475	0.	0.	1.0302e+07
487	0.475	0.	0.025	1.0261e+07
488	0.475	0.	0.05	1.0395e+07
489	0.475	0.	0.075	1.0372e+07
490	0.475	0.	0.1	1.0491e+07
491	0.475	0.025	0.	6.3984e+07
492	0.475	0.025	0.025	6.3500e+07
493	0.475	0.025	0.05	6.3439e+07
494	0.475	0.025	0.075	6.2895e+07
495	0.475	0.025	0.1	6.4019e+07
496	0.475	0.05	0.	1.2594e+08
497	0.475	0.05	0.025	1.2661e+08
498	0.475	0.05	0.05	1.2719e+08
499	0.475	0.05	0.075	1.2543e+08
500	0.475	0.05	0.1	1.2517e+08
501	0.5	-0.05	0.	1.2237e+08
502	0.5	-0.05	0.025	1.2057e+08
503	0.5	-0.05	0.05	1.1973e+08
504	0.5	-0.05	0.075	1.2119e+08
505	0.5	-0.05	0.1	1.1970e+08
506	0.5	-0.025	0.	6.0662e+07
507	0.5	-0.025	0.025	6.0229e+07
508	0.5	-0.025	0.05	6.0496e+07
509	0.5	-0.025	0.075	6.0371e+07
510	0.5	-0.025	0.1	6.0140e+07
511	0.5	0.	0.	1.0412e+07
512	0.5	0.	0.025	1.0339e+07
513	0.5	0.	0.05	1.0440e+07
514	0.5	0.	0.075	1.0367e+07
515	0.5	0.	0.1	1.0249e+07
516	0.5	0.025	0.	6.0805e+07
517	0.5	0.025	0.025	6.0813e+07
518	0.5	0.025	0.05	6.1595e+07
519	0.5	0.025	0.075	6.0513e+07
520	0.5	0.025	0.1	6.0593e+07
521	0.5	0.05	0.	1.2046e+08
522	0.5	0.05	0.025	1.2098e+08
523	0.5	0.05	0.05	1.2092e+08
524	0.5	0.05	0.075	1.2031e+08
525	0.5	0.05	0.1	1.1997e+08
526	0.525	-0.05	0.	1.1477e+08
527	0.525	-0.05	0.025	1.1393e+08
528	0.525	-0.05	0.05	1.1282e+08
529	0.525	-0.05	0.075	1.1263e+08
530	0.525	-0.05	0.1	1.1373e+08
531	0.525	-0.025	0.	5.7586e+07
532	0.525	-0.025	0.025	5.8668e+07
533	0.525	-0.025	0.05	5.7475e+07
534	0.525	-0.025	0.075	5.7552e+07
535	0.525	-0.025	0.1	5.7344e+07
536	0.525	0.	0.	1.0444e+07
537	0.525	0.	0.025	1.0416e+07
538	0.525	0.	0.05	1.0339e+07
539	0.525	0.	0.075	1.0308e+07
540	0.525	0.	0.1	1.0359e+07
541	0.525	0.025	0.	5.7142e+07
542	0.525	0.025	0.025	5.7424e+07
543	0.525	0.025	0.05	5.7596e+07
544	0.525	0.025	0.075	5.7300e+07
545	0.525	0.025	0.1	5.8200e+07
546	0.525	0.05	0.	1.1506e+08
547	0.525	0.05	0.025	1.1379e+08
548	0.525	0.05	0.05	1.1312e+08
549	0.525	0.05	0.075	1.1397e+08
550	0.525	0.05	0.1	1.1388e+08
551	0.55	-0.05	0.	1.0795e+08
552	0.55	-0.05	0.025	1.0766e+08
553	0.55	-0.05	0.05	1.0709e+08
554	0.55	-0.05	0.075	1.0803e+08
555	0.55	-0.05	0.1	1.0770e+08
556	0.55	-0.025	0.	5.4445e+07
557	0.55	-0.025	0.025	5.4601e+07
558	0.55	-0.025	0.05	5.4529e+07
559	0.55	-0.025	0.075	5.4591e+07
560	0.55	-0.025	0.1	5.4386e+07
561	0.55	0.	0.	1.0422e+07
562	0.55	0.	0.025	1.0333e+07
563	0.55	0.	0.05	1.0302e+07
564	0.55	0.	0.075	1.0318e+07
565	0.55	0.	0.1	1.0336e+07
566	0.55	0.025	0.	5.3998e+07
567	0.55	0.025	0.025	5.3821e+07
568	0.55	0.025	0.05	5.4779e+07
569	0.55	0.025	0.075	5.5116e+07
570	0.55	0.025	0.1	5.4803e+07
571	0.55	0.05	0.	1.0758e+08
572	0.55	0.05	0.025	1.0652e+08
573	0.55	0.05	0.05	1.0817e+08
574	0.55	0.05	0.075	1.0661e+08
575	0.55	0.05	0.1	1.0793e+08
576	0.575	-0.05	0.	1.0135e+08
577	0.575	-0.05	0.025	1.0014e+08
578	0.575	-0.05	0.05	1.0321e+08
579	0.575	-0.05	0.075	1.0098e+08
580	0.575	-0.05	0.1	1.0171e+08
581	0.575	-0.025	0.	5.1539e+07
582	0.575	-0.025	0.025	5.1398e+07
583	0.575	-0.025	0.05	5.1784e+07
584	0.575	-0.025	0.075	5.1286e+07
585	0.575	-0.025	0.1	5.1750e+07
586	0.575	0.	0.	1.0419e+07
587	0.575	0.	0.025	1.0278e+07
588	0.575	0.	0.05	1.0412e+07
589	0.575	0.	0.075	1.0305e+07
590	0.575	0.	0.1	1.0295e+07
591	0.575	0.025	0.	5.1712e+07
592	0.575	0.025	0.025	5.1424e+07
593	0.575	0.025	0.05	5.1746e+07
594	0.575	0.025	0.075	5.1750e+07
595	0.575	0.025	0.1	5.1003e+07
596	0.575	0.05	0.	1.0260e+08
597	0.575	0.05	0.025	1.0223e+08
598	0.575	0.05	0.05	1.0152e+08
599	0.575	0.05	0.075	1.0189e+08
600	0.575	0.05	0.1	1.0263e+08
601	0.6	-0.05	0.	9.5755e+07
602	0.6	-0.05	0.025	9.7625e+07
603	0.6	-0.05	0.05	9.7145e+07
604	0.6	-0.05	0.075	9.6090e+07
605	0.6	-0.05	0.1	9.5825e+07
606	0.6	-0.025	0.	4.8557e+07
607	0.6	-0.025	0.025	4.8395e+07
608	0.6	-0.025	0.05	4.8677e+07
609	0.6	-0.025	0.075	4.8896e+07
610	0.6	-0.025	0.1	4.8104e+07
611	0.6	0.	0.	1.0446e+07
612	0.6	0.	0.025	1.0470e+07
613	0.6	0.	0.05	1.0440e+07
614	0.6	0.	0.075	1.0382e+07
615	0.6	0.	0.1	1.0436e+07
616	0.6	0.025	0.	4.9134e+07
617	0.6	0.025	0.025	4.8606e+07
618	0.6	0.025	0.05	4.8638e+07
619	0.6	0.025	0.075	4.9458e+07
620	0.6	0.025	0.1	4.8748e+07
621	0.6	0.05	0.	9.5226e+07
622	0.6	0.05	0.025	9.6670e+07
623	0.6	0.05	0.05	9.6309e+07
624	0.6	0.05	0.075	9.5497e+07
625	0.6	0.05	0.1	9.5152e+07
626	0.625	-0.05	0.	9.0172e+07
627	0.625	-0.05	0.025	8.9957e+07
628	0.625	-0.05	0.05	8.9104e+07
629	0.625	-0.05	0.075	8.9936e+07
630	0.625	-0.05	0.1	8.9891e+07
631	0.625	-0.025	0.	4.5647e+07
632	0.625	-0.025	0.025	4.5850e+07
633	0.625	-0.025	0.05	4.5026e+07
634	0.625	-0.025	0.075	4.5264e+07
635	0.625	-0.025	0.1	4.5492e+07
636	0.625	0.	0.	1.0503e+07
637	0.625	0.	0.025	1.0589e+07
638	0.625	0.	0.05	1.0393e+07
639	0.625	0.	0.075	1.0396e+07
640	0.625	0.	0.1	1.0189e+07
641	0.625	0.025	0.	4.6000e+07
642	0.625	0.025	0.025	4.5834e+07
643	0.625	0.025	0.05	4.5773e+07
644	0.625	0.025	0.075	4.5215e+07
645	0.625	0.025	0.1	4.6393e+07
646	0.625	0.05	0.	9.1095e+07
647	0.625	0.05	0.025	9.0212e+07
648	0.625	0.05	0.05	9.0714e+07
649	0.625	0.05	0.075	9.0037e+07
650	0.625	0.05	0.1	9.0591e+07
651	0.65	-0.05	0.	8.3122e+07
652	0.65	-0.05	0.025	8.2472e+07
653	0.65	-0.05	0.05	8.3147e+07
654	0.65	-0.05	0.075	8.3458e+07
655	0.65	-0.05	0.1	8.3568e+07
656	0.65	-0.025	0.	4.2870e+07
657	0.65	-0.025	0.025	4.2629e+07
658	0.65	-0.025	0.05	4.2707e+07
659	0.65	-0.025	0.075	4.2312e+07
660	0.65	-0.025	0.1	4.2283e+07
661	0.65	0.	0.	1.0396e+07
662	0.65	0.	0.025	1.0347e+07
663	0.65	0.	0.05	1.0393e+07
664	0.65	0.	0.075	1.0438e+07
665	0.65	0.	0.1	1.0529e+07
666	0.65	0.025	0.	4.2710e+07
667	0.65	0.025	0.025	4.3337e+07
668	0.65	0.025	0.05	4.2856e+07
669	0.65	0.025	0.075	4.2953e+07
670	0.65	0.025	0.1	4.3077e+07
671	0.65	0.05	0.	8.4484e+07
672	0.65	0.05	0.025	8.3461e+07
673	0.65	0.05	0.05	8.4728e+07
674	0.65	0.05	0.075	8.3749e+07
675	0.65	0.05	0.1	8.4203e+07
676	0.675	-0.05	0.	7.8083e+07
677	0.675	-0.05	0.025	7.8714e+07
678	0.675	-0.05	0.05	7.8245e+07
679	0.675	-0.05	0.075	7.7135e+07
680	0.675	-0.05	0.1	7.9305e+07
681	0.675	-0.025	0.	4.0037e+07
682	0.675	-0.025	0.025	3.9596e+07
683	0.675	-0.025	0.05	3.9409e+07
684	0.675	-0.025	0.075	4.0073e+07
685	0.675	-0.025	0.1	3.9447e+07
686	0.675	0.	0.	1.0459e+07
687	0.675	0.	0.025	1.0481e+07
688	0.675	0.	0.05	1.0338e+07
689	0.675	0.	0.075	1.0331e+07
690	0.675	0.	0.1	1.0353e+07
691	0.675	0.025	0.	3.9457e+07
692	0.675	0.025	0.025	3.9844e+07
693	0.675	0.025	0.05	3.9890e+07
694	0.675	0.025	0.075	4.0003e+07
695	0.675	0.025	0.1	3.9506e+07
696	0.675	0.05	0.	7.8524e+07
697	0.675	0.05	0.025	7.7384e+07
698	0.675	0.05	0.05	7.8524e+07
699	0.675	0.05	0.075	7.7072e+07
700	0.675	0.05	0.1	7.8978e+07
701	0.7	-0.05	0.	7.1700e+07
702	0.7	-0.05	0.025	7.2345e+07
703	0.7	-0.05	0.05	7.2391e+07
704	0.7	-0.05	0.075	7.1269e+07
705	0.7	-0.05	0.1	7.2481e+07
706	0.7	-0.025	0.	3.6672e+07
707	0.7	-0.025	0.025	3.6744e+07
708	0.7	-0.025	0.05	3.6637e+07
709	0.7	-0.025	0.075	3.7310e+07
710	0.7	-0.025	0.1	3.6489e+07
711	0.7	0.	0.	1.0428e+07
712	0.7	0.	0.025	1.0340e+07
713	0.7	0.	0.05	1.0483e+07
714	0.7	0.	0.075	1.0585e+07
715	0.7	0.	0.1	1.0340e+07
716	0.7	0.025	0.	3.6875e+07
717	0.7	0.025	0.025	3.6721e+07
718	0.7	0.025	0.05	3.7140e+07
719	0.7	0.025	0.075	3.6761e+07
720	0.7	0.025	0.1	3.7101e+07
721	0.7	0.05	0.	7.1771e+07
722	0.7	0.05	0.025	7.3292e+07
723	0.7	0.05	0.05	7.0738e+07
724	0.7	0.05	0.075	7.2217e+07
725	0.7	0.05	0.1	7.1994e+07
726	0.725	-0.05	0.	6.5975e+07
727	0.725	-0.05	0.025	6.6151e+07
728	0.725	-0.05	0.05	6.6031e+07
729	0.725	-0.05	0.075	6.6116e+07
730	0.725	-0.05	0.1	6.6215e+07
731	0.725	-0.025	0.	3.4382e+07
732	0.725	-0.025	0.025	3.3158e+07
733	0.725	-0.025	0.05	3.4409e+07
734	0.725	-0.025	0.075	3.4602e+07
735	0.725	-0.025	0.1	3.3433e+07
736	0.725	0.	0.	1.0396e+07
737	0.725	0.	0.025	1.0506e+07
738	0.725	0.	0.05	1.0469e+07
739	0.725	0.	0.075	1.0532e+07
740	0.725	0.	0.1	1.0423e+07
741	0.725	0.025	0.	3.3357e+07
742	0.725	0.025	0.025	3.4262e+07
743	0.725	0.025	0.05	3.4080e+07
744	0.725	0.025	0.075	3.4306e+07
745	0.725	0.025	0.1	3.3492e+07
746	0.725	0.05	0.	6.5358e+07
747	0.725	0.05	0.025	6.6009e+07
748	0.725	0.05	0.05	6.6704e+07
749	0.725	0.05	0.075	6.6851e+07
750	0.725	0.05	0.1	6.5617e+07
751	0.75	-0.05	0.	5.9805e+07
752	0.75	-0.05	0.025	6.1379e+07
753	0.75	-0.05	0.05	5.9735e+07
754	0.75	-0.05	0.075	6.0324e+07
755	0.75	-0.05	0.1	5.9783e+07
756	0.75	-0.025	0.	3.1114e+07
757	0.75	-0.025	0.025	3.0781e+07
758	0.75	-0.025	0.05	3.0788e+07
759	0.75	-0.025	0.075	3.0904e+07
760	0.75	-0.025	0.1	3.0861e+07
761	0.75	0.	0.	1.0367e+07
762	0.75	0.	0.025	1.0436e+07
763	0.75	0.	0.05	1.0549e+07
764	0.75	0.	0.075	1.0343e+07
765	0.75	0.	0.1	1.0310e+07
766	0.75	0.025	0.	3.0998e+07
767	0.75	0.025	0.025	3.0785e+07
768	0.75	0.025	0.05	3.0591e+07
769	0.75	0.025	0.075	3.1260e+07
770	0.75	0.025	0.1	3.1016e+07
771	0.75	0.05	0.	6.0086e+07
772	0.75	0.05	0.025	5.9075e+07
773	0.75	0.05	0.05	5.9719e+07
774	0.75	0.05	0.075	5.9320e+07
775	0.75	0.05	0.1	5.9990e+07
776	0.775	-0.05	0.	5.4058e+07
777	0.775	-0.05	0.025	5.4058e+07
778	0.775	-0.05	0.05	5.3712e+07
779	0.775	-0.05	0.075	5.3632e+07
780	0.775	-0.05	0.1	5.3917e+07
781	0.775	-0.025	0.	2.8183e+07
782	0.775	-0.025	0.025	2.7972e+07
783	0.775	-0.025	0.05	2.7892e+07
784	0.775	-0.025	0.075	2.7901e+07
785	0.775	-0.025	0.1	2.7954e+07
786	0.775	0.	0.	1.0355e+07
787	0.775	0.	0.025	1.0301e+07
788	0.775	0.	0.05	1.0355e+07
789	0.775	0.	0.075	1.0495e+07
790	0.775	0.	0.1	1.0368e+07
791	0.775	0.025	0.	2.7824e+07
792	0.775	0.025	0.025	2.7595e+07
793	0.775	0.025	0.05	2.8515e+07
794	0.775	0.025	0.075	2.8359e+07
795	0.775	0.025	0.1	2.8166e+07
796	0.775	0.05	0.	5.4502e+07
797	0.775	0.05	0.025	5.4228e+07
798	0.775	0.05	0.05	5.3967e+07
799	0.775	0.05	0.075	5.3464e+07
800	0.775	0.05	0.1	5.4825e+07
801	0.8	-0.05	0.	4.7832e+07
802	0.8	-0.05	0.025	4.7853e+07
803	0.8	-0.05	0.05	4.8014e+07
804	0.8	-0.05	0.075	4.8021e+07
805	0.8	-0.05	0.1	4.8221e+07
806	0.8	-0.025	0.	2.5327e+07
807	0.8	-0.025	0.025	2.5117e+07
808	0.8	-0.025	0.05	2.5239e+07
809	0.8	-0.025	0.075	2.5344e+07
810	0.8	-0.025	0.1	2.5100e+07
811	0.8	0.	0.	1.0513e+07
812	0.8	0.	0.025	1.0391e+07
813	0.8	0.	0.05	1.0525e+07
814	0.8	0.	0.075	1.0277e+07
815	0.8	0.	0.1	1.0447e+07
816	0.8	0.025	0.	2.5054e+07
817	0.8	0.025	0.025	2.5106e+07
818	0.8	0.025	0.05	2.5417e+07
819	0.8	0.025	0.075	2.5188e+07
820	0.8	0.025	0.1	2.5758e+07
821	0.8	0.05	0.	4.8199e+07
822	0.8	0.05	0.025	4.7733e+07
823	0.8	0.05	0.05	4.8200e+07
824	0.8	0.05	0.075	4.7909e+07
825	0.8	0.05	0.1	4.8320e+07
826	0.825	-0.05	0.	4.1900e+07
827	0.825	-0.05	0.025	4.2137e+07
828	0.825	-0.05	0.05	4.2067e+07
829	0.825	-0.05	0.075	4.2026e+07
830	0.825	-0.05	0.1	4.2350e+07
831	0.825	-0.025	0.	2.2077e+07
832	0.825	-0.025	0.025	2.2417e+07
833	0.825	-0.025	0.05	2.2274e+07
834	0.825	-0.025	0.075	2.2158e+07
835	0.825	-0.025	0.1	2.2250e+07
836	0.825	0.	0.	1.0341e+07
837	0.825	0.	0.025	1.0373e+07
838	0.825	0.	0.05	1.0420e+07
839	0.825	0.	0.075	1.0437e+07
840	0.825	0.	0.1	1.0358e+07
841	0.825	0.025	0.	2.2684e+07
842	0.825	0.025	0.025	2.2333e+07
843	0.825	0.025	0.05	2.2051e+07
844	0.825	0.025	0.075	2.2338e+07
845	0.825	0.025	0.1	2.2408e+07
846	0.825	0.05	0.	4.0900e+07
847	0.825	0.05	0.025	4.2406e+07
848	0.825	0.05	0.05	4.1967e+07
849	0.825	0.05	0.075	4.1613e+07
850	0.825	0.05	0.1	4.1677e+07
851	0.85	-0.05	0.	3.6219e+07
852	0.85	-0.05	0.025	3.6255e+07
853	0.85	-0.05	0.05	3.5813e+07
854	0.85	-0.05	0.075	3.5610e+07
855	0.85	-0.05	0.1	3.6038e+07
856	0.85	-0.025	0.	1.9664e+07
857	0.85	-0.025	0.025	1.9704e+07
858	0.85	-0.025	0.05	1.9527e+07
859	0.85	-0.025	0.075	1.9596e+07
860	0.85	-0.025	0.1	1.9618e+07
861	0.85	0.	0.	1.0473e+07
862	0.85	0.	0.025	1.0503e+07
863	0.85	0.	0.05	1.0525e+07
864	0.85	0.	0.075	1.0501e+07
865	0.85	0.	0.1	1.0543e+07
866	0.85	0.025	0.	1.9774e+07
867	0.85	0.025	0.025	1.9523e+07
868	0.85	0.025	0.05	1.9856e+07
869	0.85	0.025	0.075	1.9399e+07
870	0.85	0.025	0.1	1.9986e+07
871	0.85	0.05	0.	3.5719e+07
872	0.85	0.05	0.025	3.6256e+07
873	0.85	0.05	0.05	3.6416e+07
874	0.85	0.05	0.075	3.6132e+07
875	0.85	0.05	0.1	3.5409e+07
876	0.875	-0.05	0.	2.9772e+07
877	0.875	-0.05	0.025	3.0086e+07
878	0.875	-0.05	0.05	3.0153e+07
879	0.875	-0.05	0.075	2.9957e+07
880	0.875	-0.05	0.1	3.0018e+07
881	0.875	-0.025	0.	1.6705e+07
882	0.875	-0.025	0.025	1.7144e+07
883	0.875	-0.025	0.05	1.6853e+07
884	0.875	-0.025	0.075	1.7011e+07
885	0.875	-0.025	0.1	1.7094e+07
886	0.875	0.	0.	1.0296e+07
887	0.875	0.	0.025	1.0403e+07
888	0.875	0.	0.05	1.0415e+07
889	0.875	0.	0.075	1.0371e+07
890	0.875	0.	0.1	1.0469e+07
891	0.875	0.025	0.	1.6814e+07
892	0.875	0.025	0.025	1.6912e+07
893	0.875	0.025	0.05	1.6854e+07
894	0.875	0.025	0.075	1.7219e+07
895	0.875	0.025	0.1	1.6815e+07
896	0.875	0.05	0.	3.0179e+07
897	0.875	0.05	0.025	3.0431e+07
898	0.875	0.05	0.05	2.9780e+07
899	0.875	0.05	0.075	3.0023e+07
900	0.875	0.05	0.1	2.9763e+07
901	0.9	-0.05	0.	2.3614e+07
902	0.9	-0.05	0.025	2.3849e+07
903	0.9	-0.05	0.05	2.3890e+07
904	0.9	-0.05	0.075	2.3902e+07
905	0.9	-0.05	0.1	2.3942e+07
906	0.9	-0.025	0.	1.4310e+07
907	0.9	-0.025	0.025	1.4172e+07
908	0.9	-0.025	0.05	1.4349e+07
909	0.9	-0.025	0.075	1.4448e+07
910	0.9	-0.025	0.1	1.4461e+07
911	0.9	0.	0.	1.0371e+07
912	0.9	0.	0.025	1.0467e+07
913	0.9	0.	0.05	1.0336e+07
914	0.9	0.	0.075	1.0364e+07
915	0.9	0.	0.1	1.0425e+07
916	0.9	0.025	0.	1.4271e+07
917	0.9	0.025	0.025	1.4164e+07
918	0.9	0.025	0.05	1.4404e+07
919	0.9	0.025	0.075	1.4214e+07
920	0.9	0.025	0.1	1.4250e+07
921	0.9	0.05	0.	2.4203e+07
922	0.9	0.05	0.025	2.4103e+07
923	0.9	0.05	0.05	2.4034e+07
924	0.9	0.05	0.075	2.3718e+07
925	0.9	0.05	0.1	2.3777e+07
926	0.925	-0.05	0.	1.8057e+07
927	0.925	-0.05	0.025	1.8091e+07
928	0.925	-0.05	0.05	1.8036e+07
929	0.925	-0.05	0.075	1.7932e+07
930	0.925	-0.05	0.1	1.7927e+07
931	0.925	-0.025	0.	1.1926e+07
932	0.925	-0.025	0.025	1.1787e+07
933	0.925	-0.025	0.05	1.1915e+07
934	0.925	-0.025	0.075	1.1774e+07
935	0.925	-0.025	0.1	1.1806e+07
936	0.925	0.	0.	1.0407e+07
937	0.925	0.	0.025	1.0441e+07
938	0.925	0.	0.05	1.0421e+07
939	0.925	0.	0.075	1.0300e+07
940	0.925	0.	0.1	1.0237e+07
941	0.925	0.025	0.	1.1905e+07
942	0.925	0.025	0.025	1.1725e+07
943	0.925	0.025	0.05	1.1996e+07
944	0.925	0.025	0.075	1.1803e+07
945	0.925	0.025	0.1	1.2119e+07
946	0.925	0.05	0.	1.7861e+07
947	0.925	0.05	0.025	1.8067e+07
948	0.925	0.05	0.05	1.7894e+07
949	0.925	0.05	0.075	1.7976e+07
950	0.925	0.05	0.1	1.8026e+07
951	0.95	-0.05	0.	1.2083e+07
952	0.95	-0.05	0.025	1.2098e+07
953	0.95	-0.05	0.05	1.2070e+07
954	0.95	-0.05	0.075	1.2100e+07
955	0.95	-0.05	0.1	1.1941e+07
956	0.95	-0.025	0.	9.8872e+06
957	0.95	-0.025	0.025	9.8093e+06
958	0.95	-0.025	0.05	9.9138e+06
959	0.95	-0.025	0.075	9.8453e+06
960	0.95	-0.025	0.1	9.8850e+06
961	0.95	0.	0.	1.0417e+07
962	0.95	0.	0.025	1.0456e+07
963	0.95	0.	0.05	1.0325e+07
964	0.95	0.	0.075	1.0262e+07
965	0.95	0.	0.1	1.0475e+07
966	0.95	0.025	0.	9.9420e+06
967	0.95	0.025	0.025	9.8270e+06
968	0.95	0.025	0.05	9.9000e+06
969	0.95	0.025	0.075	9.7079e+06
970	0.95	0.025	0.1	9.7872e+06
971	0.95	0.05	0.	1.2008e+07
972	0.95	0.05	0.025	1.1833e+07
973	0.95	0.05	0.05	1.1853e+07
974	0.95	0.05	0.075	1.2015e+07
975	0.95	0.05	0.1	1.1942e+07
976	0.975	-0.05	0.	5.9834e+06
977	0.975	-0.05	0.025	5.9805e+06
978	0.975	-0.05	0.05	5.9384e+06
979	0.975	-0.05	0.075	5.9896e+06
980	0.975	-0.05	0.1	5.9993e+06
981	0.975	-0.025	0.	8.3127e+06
982	0.975	-0.025	0.025	8.3181e+06
983	0.975	-0.025	0.05	8.3380e+06
984	0.975	-0.025	0.075	8.4064e+06
985	0.975	-0.025	0.1	8.3453e+06
986	0.975	0.	0.	1.0232e+07
987	0.975	0.	0.025	1.0293e+07
988	0.975	0.	0.05	1.0470e+07
989	0.975	0.	0.075	1.0335e+07
990	0.975	0.	0.1	1.0385e+07
991	0.975	0.025	0.	8.4803e+06
992	0.975	0.025	0.025	8.3939e+06
993	0.975	0.025	0.05	8.2081e+06
994	0.975	0.025	0.075	8.4482e+06
995	0.975	0.025	0.1	8.3616e+06
996	0.975	0.05	0.	6.0177e+06
997	0.975	0.05	0.025	6.0146e+06
998	0.975	0.05	0.05	6.0438e+06
999	0.975	0.05	0.075	5.9962e+06
1000	0.975	0.05	0.1	5.9289e+06
1001	1	-0.05	0.	0.0000e+00
1002	1	-0.05	0.025	0.0000e+00
1003	1	-0.05	0.05	0.0000e+00
1004	1	-0.05	0.075	0.0000e+00
1005	1	-0.05	0.1	0.0000e+00
1006	1	-0.025	0.	7.7521e+06
1007	1	-0.025	0.025	7.8154e+06
1008	1	-0.025	0.05	7.8226e+06
1009	1	-0.025	0.075	7.7519e+06
1010	1	-0.025	0.1	7.8225e+06
1011	1	0.	0.	1.0398e+07
1012	1	0.	0.025	1.0384e+07
1013	1	0.	0.05	1.0330e+07
1014	1	0.	0.075	1.0585e+07
1015	1	0.	0.1	1.0491e+07
1016	1	0.025	0.	7.8396e+06
1017	1	0.025	0.025	7.8645e+06
1018	1	0.025	0.05	7.8129e+06
1019	1	0.025	0.075	7.7724e+06
1020	1	0.025	0.1	7.6294e+06
1021	1	0.05	0.	0.0000e+00
1022	1	0.05	0.025	0.0000e+00
1023	1	0.05	0.05	0.0000e+00
1024	1	0.05	0.075	0.0000e+00
1025	1	0.05	0.1	0.0000e+00
