Node Number	X Location (m)	Y Location (m)	Z Location (m)	Normal Stress (Pa)
1	0.	-0.05	0.	-2.4091e+08
2	0.	-0.05	0.025	-2.3960e+08
3	0.	-0.05	0.05	-2.4101e+08
4	0.	-0.05	0.075	-2.3840e+08
5	0.	-0.05	0.1	-2.3929e+08
6	0.	-0.025	0.	-1.2064e+08
7	0.	-0.025	0.025	-1.2139e+08
8	0.	-0.025	0.05	-1.1953e+08
9	0.	-0.025	0.075	-1.1928e+08
10	0.	-0.025	0.1	-1.2074e+08
11	0.	0.	0.	0.0000e+00
12	0.	0.	0.025	0.0000e+00
13	0.	0.	0.05	0.0000e+00
14	0.	0.	0.075	0.0000e+00
15	0.	0.	0.1	0.0000e+00
16	0.	0.025	0.	1.1973e+08
17	0.	0.025	0.025	1.2008e+08
18	0.	0.025	0.05	1.1966e+08
19	0.	0.025	0.075	1.1873e+08
20	0.	0.025	0.1	1.2058e+08
21	0.	0.05	0.	2.4027e+08
22	0.	0.05	0.025	2.4053e+08
23	0.	0.05	0.05	2.3980e+08
24	0.	0.05	0.075	2.4218e+08
25	0.	0.05	0.1	2.3927e+08
26	0.025	-0.05	0.	-2.3249e+08
27	0.025	-0.05	0.025	-2.3634e+08
28	0.025	-0.05	0.05	-2.3091e+08
29	0.025	-0.05	0.075	-2.3378e+08
30	0.025	-0.05	0.1	-2.3389e+08
31	0.025	-0.025	0.	-1.1692e+08
32	0.025	-0.025	0.025	-1.1591e+08
33	0.025	-0.025	0.05	-1.1617e+08
34	0.025	-0.025	0.075	-1.1767e+08
35	0.025	-0.025	0.1	-1.1797e+08
36	0.025	0.	0.	0.0000e+00
37	0.025	0.	0.025	0.0000e+00
38	0.025	0.	0.05	0.0000e+00
39	0.025	0.	0.075	0.0000e+00
40	0.025	0.	0.1	0.0000e+00
41	0.025	0.025	0.	1.1503e+08
42	0.025	0.025	0.025	1.1530e+08
43	0.025	0.025	0.05	1.1710e+08
44	0.025	0.025	0.075	1.1719e+08
45	0.025	0.025	0.1	1.1666e+08
46	0.025	0.05	0.	2.3395e+08
47	0.025	0.05	0.025	2.3365e+08
48	0.025	0.05	0.05	2.3404e+08
49	0.025	0.05	0.075	2.3274e+08
50	0.025	0.05	0.1	2.3398e+08
51	0.05	-0.05	0.	-2.2708e+08
52	0.05	-0.05	0.025	-2.2696e+08
53	0.05	-0.05	0.05	-2.2545e+08
54	0.05	-0.05	0.075	-2.2776e+08
55	0.05	-0.05	0.1	-2.2910e+08
56	0.05	-0.025	0.	-1.1378e+08
57	0.05	-0.025	0.025	-1.1376e+08
58	0.05	-0.025	0.05	-1.1486e+08
59	0.05	-0.025	0.075	-1.1470e+08
60	0.05	-0.025	0.1	-1.1519e+08
61	0.05	0.	0.	0.0000e+00
62	0.05	0.	0.025	0.0000e+00
63	0.05	0.	0.05	0.0000e+00
64	0.05	0.	0.075	0.0000e+00
65	0.05	0.	0.1	0.0000e+00
66	0.05	0.025	0.	1.1499e+08
67	0.05	0.025	0.025	1.1328e+08
68	0.05	0.025	0.05	1.1417e+08
69	0.05	0.025	0.075	1.1346e+08
70	0.05	0.025	0.1	1.1390e+08
71	0.05	0.05	0.	2.2778e+08
72	0.05	0.05	0.025	2.2852e+08
73	0.05	0.05	0.05	2.3078e+08
74	0.05	0.05	0.075	2.2865e+08
75	0.05	0.05	0.1	2.2741e+08
76	0.075	-0.05	0.	-2.2121e+08
77	0.075	-0.05	0.025	-2.2175e+08
78	0.075	-0.05	0.05	-2.2084e+08
79	0.075	-0.05	0.075	-2.2219e+08
80	0.075	-0.05	0.1	-2.1879e+08
81	0.075	-0.025	0.	-1.1086e+08
82	0.075	-0.025	0.025	-1.1091e+08
83	0.075	-0.025	0.05	-1.1023e+08
84	0.075	-0.025	0.075	-1.1075e+08
85	0.075	-0.025	0.1	-1.1175e+08
86	0.075	0.	0.	0.0000e+00
87	0.075	0.	0.025	0.0000e+00
88	0.075	0.	0.05	0.0000e+00
89	0.075	0.	0.075	0.0000e+00
90	0.075	0.	0.1	0.0000e+00
91	0.075	0.025	0.	1.1115e+08
92	0.075	0.025	0.025	1.1202e+08
93	0.075	0.025	0.05	1.1179e+08
94	0.075	0.025	0.075	1.1114e+08
95	0.075	0.025	0.1	1.1039e+08
96	0.075	0.05	0.	2.2381e+08
97	0.075	0.05	0.025	2.2155e+08
98	0.075	0.05	0.05	2.2260e+08
99	0.075	0.05	0.075	2.2184e+08
100	0.075	0.05	0.1	2.2465e+08
101	0.1	-0.05	0.	-2.1521e+08
102	0.1	-0.05	0.025	-2.1719e+08
103	0.1	-0.05	0.05	-2.1589e+08
104	0.1	-0.05	0.075	-2.1674e+08
105	0.1	-0.05	0.1	-2.1810e+08
106	0.1	-0.025	0.	-1.0670e+08
107	0.1	-0.025	0.025	-1.0796e+08
108	0.1	-0.025	0.05	-1.0742e+08
109	0.1	-0.025	0.075	-1.0829e+08
110	0.1	-0.025	0.1	-1.0845e+08
111	0.1	0.	0.	0.0000e+00
112	0.1	0.	0.025	0.0000e+00
113	0.1	0.	0.05	0.0000e+00
114	0.1	0.	0.075	0.0000e+00
115	0.1	0.	0.1	0.0000e+00
116	0.1	0.025	0.	1.0747e+08
117	0.1	0.025	0.025	1.0848e+08
118	0.1	0.025	0.05	1.0715e+08
119	0.1	0.025	0.075	1.0763e+08
120	0.1	0.025	0.1	1.0751e+08
121	0.1	0.05	0.	2.1561e+08
122	0.1	0.05	0.025	2.1778e+08
123	0.1	0.05	0.05	2.1710e+08
124	0.1	0.05	0.075	2.1538e+08
125	0.1	0.05	0.1	2.1538e+08
126	0.125	-0.05	0.	-2.1112e+08
127	0.125	-0.05	0.025	-2.0853e+08
128	0.125	-0.05	0.05	-2.1003e+08
129	0.125	-0.05	0.075	-2.0924e+08
130	0.125	-0.05	0.1	-2.0978e+08
131	0.125	-0.025	0.	-1.0551e+08
132	0.125	-0.025	0.025	-1.0458e+08
133	0.125	-0.025	0.05	-1.0561e+08
134	0.125	-0.025	0.075	-1.0639e+08
135	0.125	-0.025	0.1	-1.0538e+08
136	0.125	0.	0.	0.0000e+00
137	0.125	0.	0.025	0.0000e+00
138	0.125	0.	0.05	0.0000e+00
139	0.125	0.	0.075	0.0000e+00
140	0.125	0.	0.1	0.0000e+00
141	0.125	0.025	0.	1.0637e+08
142	0.125	0.025	0.025	1.0455e+08
143	0.125	0.025	0.05	1.0542e+08
144	0.125	0.025	0.075	1.0402e+08
145	0.125	0.025	0.1	1.0487e+08
146	0.125	0.05	0.	2.0864e+08
147	0.125	0.05	0.025	2.0818e+08
148	0.125	0.05	0.05	2.1152e+08
149	0.125	0.05	0.075	2.0845e+08
150	0.125	0.05	0.1	2.0907e+08
151	0.15	-0.05	0.	-2.0296e+08
152	0.15	-0.05	0.025	-2.0539e+08
153	0.15	-0.05	0.05	-2.0525e+08
154	0.15	-0.05	0.075	-2.0555e+08
155	0.15	-0.05	0.1	-2.0304e+08
156	0.15	-0.025	0.	-1.0283e+08
157	0.15	-0.025	0.025	-1.0151e+08
158	0.15	-0.025	0.05	-1.0154e+08
159	0.15	-0.025	0.075	-1.0157e+08
160	0.15	-0.025	0.1	-1.0159e+08
161	0.15	0.	0.	0.0000e+00
162	0.15	0.	0.025	0.0000e+00
163	0.15	0.	0.05	0.0000e+00
164	0.15	0.	0.075	0.0000e+00
165	0.15	0.	0.1	0.0000e+00
166	0.15	0.025	0.	1.0133e+08
167	0.15	0.025	0.025	1.0159e+08
168	0.15	0.025	0.05	1.0161e+08
169	0.15	0.025	0.075	1.0258e+08
170	0.15	0.025	0.1	1.0231e+08
171	0.15	0.05	0.	2.0380e+08
172	0.15	0.05	0.025	2.0312e+08
173	0.15	0.05	0.05	2.0496e+08
174	0.15	0.05	0.075	2.0620e+08
175	0.15	0.05	0.1	2.0397e+08
176	0.175	-0.05	0.	-1.9610e+08
177	0.175	-0.05	0.025	-1.9716e+08
178	0.175	-0.05	0.05	-1.9866e+08
179	0.175	-0.05	0.075	-1.9747e+08
180	0.175	-0.05	0.1	-1.9698e+08
181	0.175	-0.025	0.	-9.8464e+07
182	0.175	-0.025	0.025	-9.9054e+07
183	0.175	-0.025	0.05	-9.8089e+07
184	0.175	-0.025	0.075	-9.8979e+07
185	0.175	-0.025	0.1	-9.9053e+07
186	0.175	0.	0.	0.0000e+00
187	0.175	0.	0.025	0.0000e+00
188	0.175	0.	0.05	0.0000e+00
189	0.175	0.	0.075	0.0000e+00
190	0.175	0.	0.1	0.0000e+00
191	0.175	0.025	0.	9.9432e+07
192	0.175	0.025	0.025	9.9095e+07
193	0.175	0.025	0.05	9.9731e+07
194	0.175	0.025	0.075	9.8326e+07
195	0.175	0.025	0.1	9.8530e+07
196	0.175	0.05	0.	1.9745e+08
197	0.175	0.05	0.025	2.0191e+08
198	0.175	0.05	0.05	1.9860e+08
199	0.175	0.05	0.075	1.9883e+08
200	0.175	0.05	0.1	1.9878e+08
201	0.2	-0.05	0.	-1.9209e+08
202	0.2	-0.05	0.025	-1.9321e+08
203	0.2	-0.05	0.05	-1.8985e+08
204	0.2	-0.05	0.075	-1.9232e+08
205	0.2	-0.05	0.1	-1.9249e+08
206	0.2	-0.025	0.	-9.6587e+07
207	0.2	-0.025	0.025	-9.5334e+07
208	0.2	-0.025	0.05	-9.5377e+07
209	0.2	-0.025	0.075	-9.5413e+07
210	0.2	-0.025	0.1	-9.6301e+07
211	0.2	0.	0.	0.0000e+00
212	0.2	0.	0.025	0.0000e+00
213	0.2	0.	0.05	0.0000e+00
214	0.2	0.	0.075	0.0000e+00
215	0.2	0.	0.1	0.0000e+00
216	0.2	0.025	0.	9.5880e+07
217	0.2	0.025	0.025	9.6536e+07
218	0.2	0.025	0.05	9.6224e+07
219	0.2	0.025	0.075	9.7089e+07
220	0.2	0.025	0.1	9.5301e+07
221	0.2	0.05	0.	1.9022e+08
222	0.2	0.05	0.025	1.9115e+08
223	0.2	0.05	0.05	1.9264e+08
224	0.2	0.05	0.075	1.9151e+08
225	0.2	0.05	0.1	1.9346e+08
226	0.225	-0.05	0.	-1.8556e+08
227	0.225	-0.05	0.025	-1.8721e+08
228	0.225	-0.05	0.05	-1.8507e+08
229	0.225	-0.05	0.075	-1.8732e+08
230	0.225	-0.05	0.1	-1.8753e+08
231	0.225	-0.025	0.	-9.2685e+07
232	0.225	-0.025	0.025	-9.3273e+07
233	0.225	-0.025	0.05	-9.3149e+07
234	0.225	-0.025	0.075	-9.3288e+07
235	0.225	-0.025	0.1	-9.3717e+07
236	0.225	0.	0.	0.0000e+00
237	0.225	0.	0.025	0.0000e+00
238	0.225	0.	0.05	0.0000e+00
239	0.225	0.	0.075	0.0000e+00
240	0.225	0.	0.1	0.0000e+00
241	0.225	0.025	0.	9.2385e+07
242	0.225	0.025	0.025	9.2990e+07
243	0.225	0.025	0.05	9.3623e+07
244	0.225	0.025	0.075	9.2996e+07
245	0.225	0.025	0.1	9.1602e+07
246	0.225	0.05	0.	1.8483e+08
247	0.225	0.05	0.025	1.8665e+08
248	0.225	0.05	0.05	1.8540e+08
249	0.225	0.05	0.075	1.8687e+08
250	0.225	0.05	0.1	1.8465e+08
251	0.25	-0.05	0.	-1.8041e+08
252	0.25	-0.05	0.025	-1.8047e+08
253	0.25	-0.05	0.05	-1.8085e+08
254	0.25	-0.05	0.075	-1.7929e+08
255	0.25	-0.05	0.1	-1.8084e+08
256	0.25	-0.025	0.	-9.0814e+07
257	0.25	-0.025	0.025	-8.8773e+07
258	0.25	-0.025	0.05	-9.0028e+07
259	0.25	-0.025	0.075	-8.9025e+07
260	0.25	-0.025	0.1	-8.9535e+07
261	0.25	0.	0.	0.0000e+00
262	0.25	0.	0.025	0.0000e+00
263	0.25	0.	0.05	0.0000e+00
264	0.25	0.	0.075	0.0000e+00
265	0.25	0.	0.1	0.0000e+00
266	0.25	0.025	0.	9.0364e+07
267	0.25	0.025	0.025	8.9418e+07
268	0.25	0.025	0.05	9.0571e+07
269	0.25	0.025	0.075	8.8220e+07
270	0.25	0.025	0.1	9.0824e+07
271	0.25	0.05	0.	1.8145e+08
272	0.25	0.05	0.025	1.8081e+08
273	0.25	0.05	0.05	1.8241e+08
274	0.25	0.05	0.075	1.7805e+08
275	0.25	0.05	0.1	1.8084e+08
276	0.275	-0.05	0.	-1.7414e+08
277	0.275	-0.05	0.025	-1.7425e+08
278	0.275	-0.05	0.05	-1.7279e+08
279	0.275	-0.05	0.075	-1.7441e+08
280	0.275	-0.05	0.1	-1.7436e+08
281	0.275	-0.025	0.	-8.6640e+07
282	0.275	-0.025	0.025	-8.6964e+07
283	0.275	-0.025	0.05	-8.6314e+07
284	0.275	-0.025	0.075	-8.6794e+07
285	0.275	-0.025	0.1	-8.7502e+07
286	0.275	0.	0.	0.0000e+00
287	0.275	0.	0.025	0.0000e+00
288	0.275	0.	0.05	0.0000e+00
289	0.275	0.	0.075	0.0000e+00
290	0.275	0.	0.1	0.0000e+00
291	0.275	0.025	0.	8.7177e+07
292	0.275	0.025	0.025	8.7567e+07
293	0.275	0.025	0.05	8.6280e+07
294	0.275	0.025	0.075	8.6277e+07
295	0.275	0.025	0.1	8.6248e+07
296	0.275	0.05	0.	1.7214e+08
297	0.275	0.05	0.025	1.7290e+08
298	0.275	0.05	0.05	1.7345e+08
299	0.275	0.05	0.075	1.7558e+08
300	0.275	0.05	0.1	1.7354e+08
301	0.3	-0.05	0.	-1.6647e+08
302	0.3	-0.05	0.025	-1.6817e+08
303	0.3	-0.05	0.05	-1.6781e+08
304	0.3	-0.05	0.075	-1.6721e+08
305	0.3	-0.05	0.1	-1.6741e+08
306	0.3	-0.025	0.	-8.4538e+07
307	0.3	-0.025	0.025	-8.3289e+07
308	0.3	-0.025	0.05	-8.3160e+07
309	0.3	-0.025	0.075	-8.4235e+07
310	0.3	-0.025	0.1	-8.3691e+07
311	0.3	0.	0.	0.0000e+00
312	0.3	0.	0.025	0.0000e+00
313	0.3	0.	0.05	0.0000e+00
314	0.3	0.	0.075	0.0000e+00
315	0.3	0.	0.1	0.0000e+00
316	0.3	0.025	0.	8.4170e+07
317	0.3	0.025	0.025	8.3816e+07
318	0.3	0.025	0.05	8.4518e+07
319	0.3	0.025	0.075	8.3674e+07
320	0.3	0.025	0.1	8.4089e+07
321	0.3	0.05	0.	1.6764e+08
322	0.3	0.05	0.025	1.6842e+08
323	0.3	0.05	0.05	1.6775e+08
324	0.3	0.05	0.075	1.6826e+08
325	0.3	0.05	0.1	1.6977e+08
326	0.325	-0.05	0.	-1.6172e+08
327	0.325	-0.05	0.025	-1.6239e+08
328	0.325	-0.05	0.05	-1.6422e+08
329	0.325	-0.05	0.075	-1.6238e+08
330	0.325	-0.05	0.1	-1.5963e+08
331	0.325	-0.025	0.	-8.0676e+07
332	0.325	-0.025	0.025	-8.0415e+07
333	0.325	-0.025	0.05	-8.1448e+07
334	0.325	-0.025	0.075	-8.0954e+07
335	0.325	-0.025	0.1	-8.1517e+07
336	0.325	0.	0.	0.0000e+00
337	0.325	0.	0.025	0.0000e+00
338	0.325	0.	0.05	0.0000e+00
339	0.325	0.	0.075	0.0000e+00
340	0.325	0.	0.1	0.0000e+00
341	0.325	0.025	0.	8.0297e+07
342	0.325	0.025	0.025	8.0846e+07
343	0.325	0.025	0.05	8.1172e+07
344	0.325	0.025	0.075	8.1048e+07
345	0.325	0.025	0.1	8.1698e+07
346	0.325	0.05	0.	1.6271e+08
347	0.325	0.05	0.025	1.6239e+08
348	0.325	0.05	0.05	1.6279e+08
349	0.325	0.05	0.075	1.6274e+08
350	0.325	0.05	0.1	1.6204e+08
351	0.35	-0.05	0.	-1.5567e+08
352	0.35	-0.05	0.025	-1.5693e+08
353	0.35	-0.05	0.05	-1.5530e+08
354	0.35	-0.05	0.075	-1.5593e+08
355	0.35	-0.05	0.1	-1.5492e+08
356	0.35	-0.025	0.	-7.8342e+07
357	0.35	-0.025	0.025	-7.8577e+07
358	0.35	-0.025	0.05	-7.7562e+07
359	0.35	-0.025	0.075	-7.7928e+07
360	0.35	-0.025	0.1	-7.7775e+07
361	0.35	0.	0.	0.0000e+00
362	0.35	0.	0.025	0.0000e+00
363	0.35	0.	0.05	0.0000e+00
364	0.35	0.	0.075	0.0000e+00
365	0.35	0.	0.1	0.0000e+00
366	0.35	0.025	0.	7.8021e+07
367	0.35	0.025	0.025	7.8023e+07
368	0.35	0.025	0.05	7.8451e+07
369	0.35	0.025	0.075	7.7830e+07
370	0.35	0.025	0.1	7.7705e+07
371	0.35	0.05	0.	1.5567e+08
372	0.35	0.05	0.025	1.5646e+08
373	0.35	0.05	0.05	1.5682e+08
374	0.35	0.05	0.075	1.5753e+08
375	0.35	0.05	0.1	1.5638e+08
376	0.375	-0.05	0.	-1.4987e+08
377	0.375	-0.05	0.025	-1.5080e+08
378	0.375	-0.05	0.05	-1.4913e+08
379	0.375	-0.05	0.075	-1.5128e+08
380	0.375	-0.05	0.1	-1.5019e+08
381	0.375	-0.025	0.	-7.4897e+07
382	0.375	-0.025	0.025	-7.4564e+07
383	0.375	-0.025	0.05	-7.5282e+07
384	0.375	-0.025	0.075	-7.4874e+07
385	0.375	-0.025	0.1	-7.4958e+07
386	0.375	0.	0.	0.0000e+00
387	0.375	0.	0.025	0.0000e+00
388	0.375	0.	0.05	0.0000e+00
389	0.375	0.	0.075	0.0000e+00
390	0.375	0.	0.1	0.0000e+00
391	0.375	0.025	0.	7.3808e+07
392	0.375	0.025	0.025	7.4813e+07
393	0.375	0.025	0.05	7.4345e+07
394	0.375	0.025	0.075	7.4531e+07
395	0.375	0.025	0.1	7.5452e+07
396	0.375	0.05	0.	1.4848e+08
397	0.375	0.05	0.025	1.5027e+08
398	0.375	0.05	0.05	1.4954e+08
399	0.375	0.05	0.075	1.4937e+08
400	0.375	0.05	0.1	1.4912e+08
401	0.4	-0.05	0.	-1.4428e+08
402	0.4	-0.05	0.025	-1.4437e+08
403	0.4	-0.05	0.05	-1.4251e+08
404	0.4	-0.05	0.075	-1.4499e+08
405	0.4	-0.05	0.1	-1.4298e+08
406	0.4	-0.025	0.	-7.2168e+07
407	0.4	-0.025	0.025	-7.1490e+07
408	0.4	-0.025	0.05	-7.1802e+07
409	0.4	-0.025	0.075	-7.1448e+07
410	0.4	-0.025	0.1	-7.1772e+07
411	0.4	0.	0.	0.0000e+00
412	0.4	0.	0.025	0.0000e+00
413	0.4	0.	0.05	0.0000e+00
414	0.4	0.	0.075	0.0000e+00
415	0.4	0.	0.1	0.0000e+00
416	0.4	0.025	0.	7.2401e+07
417	0.4	0.025	0.025	7.2508e+07
418	0.4	0.025	0.05	7.1236e+07
419	0.4	0.025	0.075	7.1154e+07
420	0.4	0.025	0.1	7.1872e+07
421	0.4	0.05	0.	1.4554e+08
422	0.4	0.05	0.025	1.4614e+08
423	0.4	0.05	0.05	1.4341e+08
424	0.4	0.05	0.075	1.4349e+08
425	0.4	0.05	0.1	1.4447e+08
426	0.425	-0.05	0.	-1.3784e+08
427	0.425	-0.05	0.025	-1.3786e+08
428	0.425	-0.05	0.05	-1.3853e+08
429	0.425	-0.05	0.075	-1.4025e+08
430	0.425	-0.05	0.1	-1.3908e+08
431	0.425	-0.025	0.	-6.9774e+07
432	0.425	-0.025	0.025	-6.8237e+07
433	0.425	-0.025	0.05	-6.9445e+07
434	0.425	-0.025	0.075	-6.8607e+07
435	0.425	-0.025	0.1	-6.9694e+07
436	0.425	0.	0.	0.0000e+00
437	0.425	0.	0.025	0.0000e+00
438	0.425	0.	0.05	0.0000e+00
439	0.425	0.	0.075	0.0000e+00
440	0.425	0.	0.1	0.0000e+00
441	0.425	0.025	0.	6.9316e+07
442	0.425	0.025	0.025	6.9167e+07
443	0.425	0.025	0.05	6.9588e+07
444	0.425	0.025	0.075	6.9667e+07
445	0.425	0.025	0.1	6.8650e+07
446	0.425	0.05	0.	1.3839e+08
447	0.425	0.05	0.025	1.3838e+08
448	0.425	0.05	0.05	1.3792e+08
449	0.425	0.05	0.075	1.3878e+08
450	0.425	0.05	0.1	1.3841e+08
451	0.45	-0.05	0.	-1.3154e+08
452	0.45	-0.05	0.025	-1.3189e+08
453	0.45	-0.05	0.05	-1.3172e+08
454	0.45	-0.05	0.075	-1.3142e+08
455	0.45	-0.05	0.1	-1.3193e+08
456	0.45	-0.025	0.	-6.5486e+07
457	0.45	-0.025	0.025	-6.6188e+07
458	0.45	-0.025	0.05	-6.6556e+07
459	0.45	-0.025	0.075	-6.6020e+07
460	0.45	-0.025	0.1	-6.6375e+07
461	0.45	0.	0.	0.0000e+00
462	0.45	0.	0.025	0.0000e+00
463	0.45	0.	0.05	0.0000e+00
464	0.45	0.	0.075	0.0000e+00
465	0.45	0.	0.1	0.0000e+00
466	0.45	0.025	0.	6.5696e+07
467	0.45	0.025	0.025	6.6626e+07
468	0.45	0.025	0.05	6.6086e+07
469	0.45	0.025	0.075	6.7012e+07
470	0.45	0.025	0.1	6.6014e+07
471	0.45	0.05	0.	1.3140e+08
472	0.45	0.05	0.025	1.3065e+08
473	0.45	0.05	0.05	1.3288e+08
474	0.45	0.05	0.075	1.3134e+08
475	0.45	0.05	0.1	1.3167e+08
476	0.475	-0.05	0.	-1.2693e+08
477	0.475	-0.05	0.025	-1.2680e+08
478	0.475	-0.05	0.05	-1.2554e+08
479	0.475	-0.05	0.075	-1.2566e+08
480	0.475	-0.05	0.1	-1.2467e+08
481	0.475	-0.025	0.	-6.2223e+07
482	0.475	-0.025	0.025	-6.3289e+07
483	0.475	-0.025	0.05	-6.3330e+07
484	0.475	-0.025	0.075	-6.3135e+07
485	0.475	-0.025	0.1	-6.3071e+07
486	0.475	0.	0.	0.0000e+00
487	0.475	0.	0.025	0.0000e+00
488	0.475	0.	0.05	0.0000e+00
489	0.475	0.	0.075	0.0000e+00
490	0.475	0.	0.1	0.0000e+00
491	0.475	0.025	0.	6.3000e+07
492	0.475	0.025	0.025	6.2999e+07
493	0.475	0.025	0.05	6.2804e+07
494	0.475	0.025	0.075	6.3204e+07
495	0.475	0.025	0.1	6.2541e+07
496	0.475	0.05	0.	1.2589e+08
497	0.475	0.05	0.025	1.2633e+08
498	0.475	0.05	0.05	1.2575e+08
499	0.475	0.05	0.075	1.2600e+08
500	0.475	0.05	0.1	1.2616e+08
501	0.5	-0.05	0.	-1.1873e+08
502	0.5	-0.05	0.025	-1.1880e+08
503	0.5	-0.05	0.05	-1.2010e+08
504	0.5	-0.05	0.075	-1.1956e+08
505	0.5	-0.05	0.1	-1.1961e+08
506	0.5	-0.025	0.	-6.0205e+07
507	0.5	-0.025	0.025	-5.9644e+07
508	0.5	-0.025	0.05	-5.9131e+07
509	0.5	-0.025	0.075	-6.0597e+07
510	0.5	-0.025	0.1	-6.0436e+07
511	0.5	0.	0.	0.0000e+00
512	0.5	0.	0.025	0.0000e+00
513	0.5	0.	0.05	0.0000e+00
514	0.5	0.	0.075	0.0000e+00
515	0.5	0.	0.1	0.0000e+00
516	0.5	0.025	0.	5.9875e+07
517	0.5	0.025	0.025	5.9612e+07
518	0.5	0.025	0.05	6.0181e+07
519	0.5	0.025	0.075	5.9907e+07
520	0.5	0.025	0.1	6.0620e+07
521	0.5	0.05	0.	1.2006e+08
522	0.5	0.05	0.025	1.1817e+08
523	0.5	0.05	0.05	1.1870e+08
524	0.5	0.05	0.075	1.2151e+08
525	0.5	0.05	0.1	1.1974e+08
526	0.525	-0.05	0.	-1.1416e+08
527	0.525	-0.05	0.025	-1.1401e+08
528	0.525	-0.05	0.05	-1.1497e+08
529	0.525	-0.05	0.075	-1.1270e+08
530	0.525	-0.05	0.1	-1.1491e+08
531	0.525	-0.025	0.	-5.7431e+07
532	0.525	-0.025	0.025	-5.7002e+07
533	0.525	-0.025	0.05	-5.7141e+07
534	0.525	-0.025	0.075	-5.6873e+07
535	0.525	-0.025	0.1	-5.6424e+07
536	0.525	0.	0.	0.0000e+00
537	0.525	0.	0.025	0.0000e+00
538	0.525	0.	0.05	0.0000e+00
539	0.525	0.	0.075	0.0000e+00
540	0.525	0.	0.1	0.0000e+00
541	0.525	0.025	0.	5.7511e+07
542	0.525	0.025	0.025	5.7003e+07
543	0.525	0.025	0.05	5.7185e+07
544	0.525	0.025	0.075	5.6907e+07
545	0.525	0.025	0.1	5.7359e+07
546	0.525	0.05	0.	1.1407e+08
547	0.525	0.05	0.025	1.1394e+08
548	0.525	0.05	0.05	1.1483e+08
549	0.525	0.05	0.075	1.1282e+08
550	0.525	0.05	0.1	1.1381e+08
551	0.55	-0.05	0.	-1.0760e+08
552	0.55	-0.05	0.025	-1.0824e+08
553	0.55	-0.05	0.05	-1.0820e+08
554	0.55	-0.05	0.075	-1.0799e+08
555	0.55	-0.05	0.1	-1.0754e+08
556	0.55	-0.025	0.	-5.3992e+07
557	0.55	-0.025	0.025	-5.4105e+07
558	0.55	-0.025	0.05	-5.3942e+07
559	0.55	-0.025	0.075	-5.4359e+07
560	0.55	-0.025	0.1	-5.4198e+07
561	0.55	0.	0.	0.0000e+00
562	0.55	0.	0.025	0.0000e+00
563	0.55	0.	0.05	0.0000e+00
564	0.55	0.	0.075	0.0000e+00
565	0.55	0.	0.1	0.0000e+00
566	0.55	0.025	0.	5.4098e+07
567	0.55	0.025	0.025	5.3927e+07
568	0.55	0.025	0.05	5.4075e+07
569	0.55	0.025	0.075	5.4454e+07
570	0.55	0.025	0.1	5.4255e+07
571	0.55	0.05	0.	1.0716e+08
572	0.55	0.05	0.025	1.0693e+08
573	0.55	0.05	0.05	1.0829e+08
574	0.55	0.05	0.075	1.0876e+08
575	0.55	0.05	0.1	1.0692e+08
576	0.575	-0.05	0.	-1.0187e+08
577	0.575	-0.05	0.025	-1.0345e+08
578	0.575	-0.05	0.05	-1.0184e+08
579	0.575	-0.05	0.075	-1.0355e+08
580	0.575	-0.05	0.1	-1.0150e+08
581	0.575	-0.025	0.	-5.0802e+07
582	0.575	-0.025	0.025	-5.0785e+07
583	0.575	-0.025	0.05	-5.0609e+07
584	0.575	-0.025	0.075	-5.0482e+07
585	0.575	-0.025	0.1	-5.0932e+07
586	0.575	0.	0.	0.0000e+00
587	0.575	0.	0.025	0.0000e+00
588	0.575	0.	0.05	0.0000e+00
589	0.575	0.	0.075	0.0000e+00
590	0.575	0.	0.1	0.0000e+00
591	0.575	0.025	0.	5.0921e+07
592	0.575	0.025	0.025	5.1132e+07
593	0.575	0.025	0.05	5.0499e+07
594	0.575	0.025	0.075	5.1083e+07
595	0.575	0.025	0.1	5.0981e+07
596	0.575	0.05	0.	1.0177e+08
597	0.575	0.05	0.025	1.0202e+08
598	0.575	0.05	0.05	1.0192e+08
599	0.575	0.05	0.075	1.0120e+08
600	0.575	0.05	0.1	1.0303e+08
601	0.6	-0.05	0.	-9.6548e+07
602	0.6	-0.05	0.025	-9.5777e+07
603	0.6	-0.05	0.05	-9.4986e+07
604	0.6	-0.05	0.075	-9.4585e+07
605	0.6	-0.05	0.1	-9.7155e+07
606	0.6	-0.025	0.	-4.7950e+07
607	0.6	-0.025	0.025	-4.8220e+07
608	0.6	-0.025	0.05	-4.7727e+07
609	0.6	-0.025	0.075	-4.7911e+07
610	0.6	-0.025	0.1	-4.7926e+07
611	0.6	0.	0.	0.0000e+00
612	0.6	0.	0.025	0.0000e+00
613	0.6	0.	0.05	0.0000e+00
614	0.6	0.	0.075	0.0000e+00
615	0.6	0.	0.1	0.0000e+00
616	0.6	0.025	0.	4.7495e+07
617	0.6	0.025	0.025	4.7763e+07
618	0.6	0.025	0.05	4.7956e+07
619	0.6	0.025	0.075	4.8114e+07
620	0.6	0.025	0.1	4.8433e+07
621	0.6	0.05	0.	9.5726e+07
622	0.6	0.05	0.025	9.6021e+07
623	0.6	0.05	0.05	9.4924e+07
624	0.6	0.05	0.075	9.6193e+07
625	0.6	0.05	0.1	9.5476e+07
626	0.625	-0.05	0.	-8.9834e+07
627	0.625	-0.05	0.025	-9.0257e+07
628	0.625	-0.05	0.05	-9.0280e+07
629	0.625	-0.05	0.075	-8.9215e+07
630	0.625	-0.05	0.1	-9.0433e+07
631	0.625	-0.025	0.	-4.4990e+07
632	0.625	-0.025	0.025	-4.5342e+07
633	0.625	-0.025	0.05	-4.5395e+07
634	0.625	-0.025	0.075	-4.5434e+07
635	0.625	-0.025	0.1	-4.4615e+07
636	0.625	0.	0.	0.0000e+00
637	0.625	0.	0.025	0.0000e+00
638	0.625	0.	0.05	0.0000e+00
639	0.625	0.	0.075	0.0000e+00
640	0.625	0.	0.1	0.0000e+00
641	0.625	0.025	0.	4.4885e+07
642	0.625	0.025	0.025	4.5147e+07
643	0.625	0.025	0.05	4.4851e+07
644	0.625	0.025	0.075	4.5004e+07
645	0.625	0.025	0.1	4.4975e+07
646	0.625	0.05	0.	8.8921e+07
647	0.625	0.05	0.025	8.9563e+07
648	0.625	0.05	0.05	9.1226e+07
649	0.625	0.05	0.075	8.9953e+07
650	0.625	0.05	0.1	9.0087e+07
651	0.65	-0.05	0.	-8.3996e+07
652	0.65	-0.05	0.025	-8.3793e+07
653	0.65	-0.05	0.05	-8.4018e+07
654	0.65	-0.05	0.075	-8.3795e+07
655	0.65	-0.05	0.1	-8.2849e+07
656	0.65	-0.025	0.	-4.2198e+07
657	0.65	-0.025	0.025	-4.2406e+07
658	0.65	-0.025	0.05	-4.1707e+07
659	0.65	-0.025	0.075	-4.1896e+07
660	0.65	-0.025	0.1	-4.2378e+07
661	0.65	0.	0.	0.0000e+00
662	0.65	0.	0.025	0.0000e+00
663	0.65	0.	0.05	0.0000e+00
664	0.65	0.	0.075	0.0000e+00
665	0.65	0.	0.1	0.0000e+00
666	0.65	0.025	0.	4.2222e+07
667	0.65	0.025	0.025	4.2196e+07
668	0.65	0.025	0.05	4.1833e+07
669	0.65	0.025	0.075	4.1562e+07
670	0.65	0.025	0.1	4.2150e+07
671	0.65	0.05	0.	8.4375e+07
672	0.65	0.05	0.025	8.3850e+07
673	0.65	0.05	0.05	8.4829e+07
674	0.65	0.05	0.075	8.4728e+07
675	0.65	0.05	0.1	8.4390e+07
676	0.675	-0.05	0.	-7.7870e+07
677	0.675	-0.05	0.025	-7.7021e+07
678	0.675	-0.05	0.05	-7.7918e+07
679	0.675	-0.05	0.075	-7.7141e+07
680	0.675	-0.05	0.1	-7.6897e+07
681	0.675	-0.025	0.	-3.9151e+07
682	0.675	-0.025	0.025	-3.9274e+07
683	0.675	-0.025	0.05	-3.8544e+07
684	0.675	-0.025	0.075	-3.8940e+07
685	0.675	-0.025	0.1	-3.8996e+07
686	0.675	0.	0.	0.0000e+00
687	0.675	0.	0.025	0.0000e+00
688	0.675	0.	0.05	0.0000e+00
689	0.675	0.	0.075	0.0000e+00
690	0.675	0.	0.1	0.0000e+00
691	0.675	0.025	0.	3.8678e+07
692	0.675	0.025	0.025	3.9113e+07
693	0.675	0.025	0.05	3.8937e+07
694	0.675	0.025	0.075	3.8820e+07
695	0.675	0.025	0.1	3.9123e+07
696	0.675	0.05	0.	7.8156e+07
697	0.675	0.05	0.025	7.6920e+07
698	0.675	0.05	0.05	7.8242e+07
699	0.675	0.05	0.075	7.8553e+07
700	0.675	0.05	0.1	7.7942e+07
701	0.7	-0.05	0.	-7.1899e+07
702	0.7	-0.05	0.025	-7.2818e+07
703	0.7	-0.05	0.05	-7.1693e+07
704	0.7	-0.05	0.075	-7.1928e+07
705	0.7	-0.05	0.1	-7.2143e+07
706	0.7	-0.025	0.	-3.6010e+07
707	0.7	-0.025	0.025	-3.5941e+07
708	0.7	-0.025	0.05	-3.6019e+07
709	0.7	-0.025	0.075	-3.6339e+07
710	0.7	-0.025	0.1	-3.6174e+07
711	0.7	0.	0.	0.0000e+00
712	0.7	0.	0.025	0.0000e+00
713	0.7	0.	0.05	0.0000e+00
714	0.7	0.	0.075	0.0000e+00
715	0.7	0.	0.1	0.0000e+00
716	0.7	0.025	0.	3.6519e+07
717	0.7	0.025	0.025	3.5993e+07
718	0.7	0.025	0.05	3.5702e+07
719	0.7	0.025	0.075	3.6039e+07
720	0.7	0.025	0.1	3.5827e+07
721	0.7	0.05	0.	7.1819e+07
722	0.7	0.05	0.025	7.1347e+07
723	0.7	0.05	0.05	7.1897e+07
724	0.7	0.05	0.075	7.1083e+07
725	0.7	0.05	0.1	7.1741e+07
726	0.725	-0.05	0.	-6.5672e+07
727	0.725	-0.05	0.025	-6.5801e+07
728	0.725	-0.05	0.05	-6.5697e+07
729	0.725	-0.05	0.075	-6.6013e+07
730	0.725	-0.05	0.1	-6.6352e+07
731	0.725	-0.025	0.	-3.3071e+07
732	0.725	-0.025	0.025	-3.3257e+07
733	0.725	-0.025	0.05	-3.2901e+07
734	0.725	-0.025	0.075	-3.3064e+07
735	0.725	-0.025	0.1	-3.3072e+07
736	0.725	0.	0.	0.0000e+00
737	0.725	0.	0.025	0.0000e+00
738	0.725	0.	0.05	0.0000e+00
739	0.725	0.	0.075	0.0000e+00
740	0.725	0.	0.1	0.0000e+00
741	0.725	0.025	0.	3.2929e+07
742	0.725	0.025	0.025	3.3090e+07
743	0.725	0.025	0.05	3.2785e+07
744	0.725	0.025	0.075	3.2812e+07
745	0.725	0.025	0.1	3.2872e+07
746	0.725	0.05	0.	6.6019e+07
747	0.725	0.05	0.025	6.5629e+07
748	0.725	0.05	0.05	6.6105e+07
749	0.725	0.05	0.075	6.5858e+07
750	0.725	0.05	0.1	6.6261e+07
751	0.75	-0.05	0.	-6.0023e+07
752	0.75	-0.05	0.025	-6.0631e+07
753	0.75	-0.05	0.05	-6.0044e+07
754	0.75	-0.05	0.075	-5.9561e+07
755	0.75	-0.05	0.1	-5.9923e+07
756	0.75	-0.025	0.	-3.0004e+07
757	0.75	-0.025	0.025	-2.9836e+07
758	0.75	-0.025	0.05	-3.0273e+07
759	0.75	-0.025	0.075	-2.9944e+07
760	0.75	-0.025	0.1	-2.9884e+07
761	0.75	0.	0.	0.0000e+00
762	0.75	0.	0.025	0.0000e+00
763	0.75	0.	0.05	0.0000e+00
764	0.75	0.	0.075	0.0000e+00
765	0.75	0.	0.1	0.0000e+00
766	0.75	0.025	0.	3.0106e+07
767	0.75	0.025	0.025	2.9910e+07
768	0.75	0.025	0.05	2.9730e+07
769	0.75	0.025	0.075	2.9941e+07
770	0.75	0.025	0.1	2.9910e+07
771	0.75	0.05	0.	5.9267e+07
772	0.75	0.05	0.025	5.9619e+07
773	0.75	0.05	0.05	5.9557e+07
774	0.75	0.05	0.075	5.9621e+07
775	0.75	0.05	0.1	6.0480e+07
776	0.775	-0.05	0.	-5.4166e+07
777	0.775	-0.05	0.025	-5.4313e+07
778	0.775	-0.05	0.05	-5.4165e+07
779	0.775	-0.05	0.075	-5.4351e+07
780	0.775	-0.05	0.1	-5.4009e+07
781	0.775	-0.025	0.	-2.7246e+07
782	0.775	-0.025	0.025	-2.6801e+07
783	0.775	-0.025	0.05	-2.6989e+07
784	0.775	-0.025	0.075	-2.6834e+07
785	0.775	-0.025	0.1	-2.7201e+07
786	0.775	0.	0.	0.0000e+00
787	0.775	0.	0.025	0.0000e+00
788	0.775	0.	0.05	0.0000e+00
789	0.775	0.	0.075	0.0000e+00
790	0.775	0.	0.1	0.0000e+00
791	0.775	0.025	0.	2.7059e+07
792	0.775	0.025	0.025	2.6931e+07
793	0.775	0.025	0.05	2.7122e+07
794	0.775	0.025	0.075	2.7005e+07
795	0.775	0.025	0.1	2.6655e+07
796	0.775	0.05	0.	5.3462e+07
797	0.775	0.05	0.025	5.4027e+07
798	0.775	0.05	0.05	5.4151e+07
799	0.775	0.05	0.075	5.3282e+07
800	0.775	0.05	0.1	5.3973e+07
801	0.8	-0.05	0.	-4.7707e+07
802	0.8	-0.05	0.025	-4.7680e+07
803	0.8	-0.05	0.05	-4.7811e+07
804	0.8	-0.05	0.075	-4.8036e+07
805	0.8	-0.05	0.1	-4.7797e+07
806	0.8	-0.025	0.	-2.3714e+07
807	0.8	-0.025	0.025	-2.4017e+07
808	0.8	-0.025	0.05	-2.3949e+07
809	0.8	-0.025	0.075	-2.3865e+07
810	0.8	-0.025	0.1	-2.3956e+07
811	0.8	0.	0.	0.0000e+00
812	0.8	0.	0.025	0.0000e+00
813	0.8	0.	0.05	0.0000e+00
814	0.8	0.	0.075	0.0000e+00
815	0.8	0.	0.1	0.0000e+00
816	0.8	0.025	0.	2.4118e+07
817	0.8	0.025	0.025	2.4228e+07
818	0.8	0.025	0.05	2.3998e+07
819	0.8	0.025	0.075	2.3910e+07
820	0.8	0.025	0.1	2.3793e+07
821	0.8	0.05	0.	4.8186e+07
822	0.8	0.05	0.025	4.7740e+07
823	0.8	0.05	0.05	4.8676e+07
824	0.8	0.05	0.075	4.8800e+07
825	0.8	0.05	0.1	4.7939e+07
826	0.825	-0.05	0.	-4.1580e+07
827	0.825	-0.05	0.025	-4.2165e+07
828	0.825	-0.05	0.05	-4.2529e+07
829	0.825	-0.05	0.075	-4.1669e+07
830	0.825	-0.05	0.1	-4.2478e+07
831	0.825	-0.025	0.	-2.0767e+07
832	0.825	-0.025	0.025	-2.0817e+07
833	0.825	-0.025	0.05	-2.1039e+07
834	0.825	-0.025	0.075	-2.1128e+07
835	0.825	-0.025	0.1	-2.0992e+07
836	0.825	0.	0.	0.0000e+00
837	0.825	0.	0.025	0.0000e+00
838	0.825	0.	0.05	0.0000e+00
839	0.825	0.	0.075	0.0000e+00
840	0.825	0.	0.1	0.0000e+00
841	0.825	0.025	0.	2.1133e+07
842	0.825	0.025	0.025	2.1057e+07
843	0.825	0.025	0.05	2.1074e+07
844	0.825	0.025	0.075	2.0917e+07
845	0.825	0.025	0.1	2.1080e+07
846	0.825	0.05	0.	4.1724e+07
847	0.825	0.05	0.025	4.2062e+07
848	0.825	0.05	0.05	4.2028e+07
849	0.825	0.05	0.075	4.2030e+07
850	0.825	0.05	0.1	4.2197e+07
851	0.85	-0.05	0.	-3.5780e+07
852	0.85	-0.05	0.025	-3.6146e+07
853	0.85	-0.05	0.05	-3.6004e+07
854	0.85	-0.05	0.075	-3.5829e+07
855	0.85	-0.05	0.1	-3.5714e+07
856	0.85	-0.025	0.	-1.8204e+07
857	0.85	-0.025	0.025	-1.7992e+07
858	0.85	-0.025	0.05	-1.7962e+07
859	0.85	-0.025	0.075	-1.7876e+07
860	0.85	-0.025	0.1	-1.8118e+07
861	0.85	0.	0.	0.0000e+00
862	0.85	0.	0.025	0.0000e+00
863	0.85	0.	0.05	0.0000e+00
864	0.85	0.	0.075	0.0000e+00
865	0.85	0.	0.1	0.0000e+00
866	0.85	0.025	0.	1.8024e+07
867	0.85	0.025	0.025	1.7994e+07
868	0.85	0.025	0.05	1.8029e+07
869	0.85	0.025	0.075	1.7804e+07
870	0.85	0.025	0.1	1.8202e+07
871	0.85	0.05	0.	3.6350e+07
872	0.85	0.05	0.025	3.5752e+07
873	0.85	0.05	0.05	3.6125e+07
874	0.85	0.05	0.075	3.5679e+07
875	0.85	0.05	0.1	3.6018e+07
876	0.875	-0.05	0.	-2.9605e+07
877	0.875	-0.05	0.025	-2.9947e+07
878	0.875	-0.05	0.05	-2.9912e+07
879	0.875	-0.05	0.075	-3.0208e+07
880	0.875	-0.05	0.1	-3.0300e+07
881	0.875	-0.025	0.	-1.5152e+07
882	0.875	-0.025	0.025	-1.5104e+07
883	0.875	-0.025	0.05	-1.5007e+07
884	0.875	-0.025	0.075	-1.5035e+07
885	0.875	-0.025	0.1	-1.5035e+07
886	0.875	0.	0.	0.0000e+00
887	0.875	0.	0.025	0.0000e+00
888	0.875	0.	0.05	0.0000e+00
889	0.875	0.	0.075	0.0000e+00
890	0.875	0.	0.1	0.0000e+00
891	0.875	0.025	0.	1.5041e+07
892	0.875	0.025	0.025	1.5091e+07
893	0.875	0.025	0.05	1.4999e+07
894	0.875	0.025	0.075	1.4955e+07
895	0.875	0.025	0.1	1.4877e+07
896	0.875	0.05	0.	2.9742e+07
897	0.875	0.05	0.025	3.0028e+07
898	0.875	0.05	0.05	2.9958e+07
899	0.875	0.05	0.075	2.9955e+07
900	0.875	0.05	0.1	3.0275e+07
901	0.9	-0.05	0.	-2.3819e+07
902	0.9	-0.05	0.025	-2.3950e+07
903	0.9	-0.05	0.05	-2.4244e+07
904	0.9	-0.05	0.075	-2.3955e+07
905	0.9	-0.05	0.1	-2.4010e+07
906	0.9	-0.025	0.	-1.1987e+07
907	0.9	-0.025	0.025	-1.2051e+07
908	0.9	-0.025	0.05	-1.1852e+07
909	0.9	-0.025	0.075	-1.1985e+07
910	0.9	-0.025	0.1	-1.2004e+07
911	0.9	0.	0.	0.0000e+00
912	0.9	0.	0.025	0.0000e+00
913	0.9	0.	0.05	0.0000e+00
914	0.9	0.	0.075	0.0000e+00
915	0.9	0.	0.1	0.0000e+00
916	0.9	0.025	0.	1.1969e+07
917	0.9	0.025	0.025	1.2036e+07
918	0.9	0.025	0.05	1.2034e+07
919	0.9	0.025	0.075	1.1983e+07
920	0.9	0.025	0.1	1.2082e+07
921	0.9	0.05	0.	2.4042e+07
922	0.9	0.05	0.025	2.3827e+07
923	0.9	0.05	0.05	2.4108e+07
924	0.9	0.05	0.075	2.3928e+07
925	0.9	0.05	0.1	2.3954e+07
926	0.925	-0.05	0.	-1.7973e+07
927	0.925	-0.05	0.025	-1.8079e+07
928	0.925	-0.05	0.05	-1.8117e+07
929	0.925	-0.05	0.075	-1.7983e+07
930	0.925	-0.05	0.1	-1.7977e+07
931	0.925	-0.025	0.	-8.8895e+06
932	0.925	-0.025	0.025	-8.9617e+06
933	0.925	-0.025	0.05	-8.9489e+06
934	0.925	-0.025	0.075	-9.0168e+06
935	0.925	-0.025	0.1	-8.9942e+06
936	0.925	0.	0.	0.0000e+00
937	0.925	0.	0.025	0.0000e+00
938	0.925	0.	0.05	0.0000e+00
939	0.925	0.	0.075	0.0000e+00
940	0.925	0.	0.1	0.0000e+00
941	0.925	0.025	0.	9.0546e+06
942	0.925	0.025	0.025	8.9872e+06
943	0.925	0.025	0.05	9.0190e+06
944	0.925	0.025	0.075	8.9824e+06
945	0.925	0.025	0.1	8.9134e+06
946	0.925	0.05	0.	1.8234e+07
947	0.925	0.05	0.025	1.8081e+07
948	0.925	0.05	0.05	1.8102e+07
949	0.925	0.05	0.075	1.7969e+07
950	0.925	0.05	0.1	1.8122e+07
951	0.95	-0.05	0.	-1.1901e+07
952	0.95	-0.05	0.025	-1.1982e+07
953	0.95	-0.05	0.05	-1.2053e+07
954	0.95	-0.05	0.075	-1.1955e+07
955	0.95	-0.05	0.1	-1.2066e+07
956	0.95	-0.025	0.	-6.0109e+06
957	0.95	-0.025	0.025	-6.0075e+06
958	0.95	-0.025	0.05	-5.9741e+06
959	0.95	-0.025	0.075	-6.0146e+06
960	0.95	-0.025	0.1	-6.0696e+06
961	0.95	0.	0.	0.0000e+00
962	0.95	0.	0.025	0.0000e+00
963	0.95	0.	0.05	0.0000e+00
964	0.95	0.	0.075	0.0000e+00
965	0.95	0.	0.1	0.0000e+00
966	0.95	0.025	0.	5.9941e+06
967	0.95	0.025	0.025	5.9235e+06
968	0.95	0.025	0.05	6.0284e+06
969	0.95	0.025	0.075	5.9665e+06
970	0.95	0.025	0.1	6.0245e+06
971	0.95	0.05	0.	1.1945e+07
972	0.95	0.05	0.025	1.2147e+07
973	0.95	0.05	0.05	1.1980e+07
974	0.95	0.05	0.075	1.2138e+07
975	0.95	0.05	0.1	1.1988e+07
976	0.975	-0.05	0.	-5.9981e+06
977	0.975	-0.05	0.025	-6.0564e+06
978	0.975	-0.05	0.05	-5.9670e+06
979	0.975	-0.05	0.075	-6.0018e+06
980	0.975	-0.05	0.1	-6.0194e+06
981	0.975	-0.025	0.	-3.0073e+06
982	0.975	-0.025	0.025	-3.0008e+06
983	0.975	-0.025	0.05	-2.9983e+06
984	0.975	-0.025	0.075	-3.0152e+06
985	0.975	-0.025	0.1	-3.0032e+06
986	0.975	0.	0.	0.0000e+00
987	0.975	0.	0.025	0.0000e+00
988	0.975	0.	0.05	0.0000e+00
989	0.975	0.	0.075	0.0000e+00
990	0.975	0.	0.1	0.0000e+00
991	0.975	0.025	0.	3.0199e+06
992	0.975	0.025	0.025	2.9972e+06
993	0.975	0.025	0.05	2.9748e+06
994	0.975	0.025	0.075	2.9941e+06
995	0.975	0.025	0.1	2.9870e+06
996	0.975	0.05	0.	6.0135e+06
997	0.975	0.05	0.025	5.9897e+06
998	0.975	0.05	0.05	6.0046e+06
999	0.975	0.05	0.075	6.0365e+06
1000	0.975	0.05	0.1	6.0535e+06
1001	1	-0.05	0.	0.0000e+00
1002	1	-0.05	0.025	0.0000e+00
1003	1	-0.05	0.05	0.0000e+00
1004	1	-0.05	0.075	0.0000e+00
1005	1	-0.05	0.1	0.0000e+00
1006	1	-0.025	0.	0.0000e+00
1007	1	-0.025	0.025	0.0000e+00
1008	1	-0.025	0.05	0.0000e+00
1009	1	-0.025	0.075	0.0000e+00
1010	1	-0.025	0.1	0.0000e+00
1011	1	0.	0.	0.0000e+00
1012	1	0.	0.025	0.0000e+00
1013	1	0.	0.05	0.0000e+00
1014	1	0.	0.075	0.0000e+00
1015	1	0.	0.1	0.0000e+00
1016	1	0.025	0.	0.0000e+00
1017	1	0.025	0.025	0.0000e+00
1018	1	0.025	0.05	0.0000e+00
1019	1	0.025	0.075	0.0000e+00
1020	1	0.025	0.1	0.0000e+00
1021	1	0.05	0.	0.0000e+00
1022	1	0.05	0.025	0.0000e+00
1023	1	0.05	0.05	0.0000e+00
1024	1	0.05	0.075	0.0000e+00
1025	1	0.05	0.1	0.0000e+00
