Node Number	X Location (m)	Y Location (m)	Z Location (m)	Normal Stress (Pa)
1	0.95	-1.7347e-018	5.e-002	-2.6534e+006
2	0.9	9.8608e-032	5.e-002	-3.9356e+005
3	0.85	2.4652e-031	5.e-002	-2.4972e+005
4	0.8	3.4694e-018	5.e-002	-2.0285e+005
5	0.75	-3.6978e-032	5.e-002	-1.8398e+005
6	0.7	0.	5.e-002	-1.7335e+005
7	0.65	2.4652e-032	5.e-002	-1.6916e+005
8	0.6	0.	5.e-002	-1.6713e+005
9	0.55	2.4652e-032	5.e-002	-1.662e+005
10	0.5	-3.4694e-018	5.e-002	-1.6612e+005
11	0.45	-3.4694e-018	5.e-002	-1.6487e+005
12	0.4	5.5467e-032	5.e-002	-1.6861e+005
13	0.35	0.	5.e-002	-1.5455e+005
14	0.3	0.	5.e-002	-2.0735e+005
15	0.25	-6.163e-033	5.e-002	153.13
16	0.2	-1.7347e-018	5.e-002	-6.2063e+005
17	0.15	9.2445e-033	5.e-002	3.0002e+006
18	0.1	-1.7347e-018	5.e-002	-1.8338e+007
19	5.e-002	-3.0815e-033	5.e-002	-1.7762e+008
20	5.e-002	-6.163e-033	0.	1.7799e+007
21	0.1	-3.4694e-018	0.	2.3589e+006
22	0.15	1.8489e-032	0.	3.9585e+006
23	0.2	-3.4694e-018	0.	4.3413e+006
24	0.25	-1.2326e-032	0.	4.3454e+006
25	0.3	0.	0.	4.3557e+006
26	0.35	0.	0.	4.3532e+006
27	0.4	1.1093e-031	0.	4.3538e+006
28	0.45	-6.9389e-018	0.	4.3538e+006
29	0.5	-6.9389e-018	0.	4.354e+006
30	0.55	4.9304e-032	0.	4.3544e+006
31	0.6	0.	0.	4.3554e+006
32	0.65	4.9304e-032	0.	4.3573e+006
33	0.7	0.	0.	4.3624e+006
34	0.75	-7.3956e-032	0.	4.3708e+006
35	0.8	6.9389e-018	0.	4.4054e+006
36	0.85	4.9304e-031	0.	4.49e+006
37	0.9	1.9722e-031	0.	4.6671e+006
38	0.95	-3.4694e-018	0.	1.1763e+006
39	0.95	0.	0.1	1.1763e+006
40	0.9	0.	0.1	4.6671e+006
41	0.85	0.	0.1	4.49e+006
42	0.8	0.	0.1	4.4054e+006
43	0.75	0.	0.1	4.3708e+006
44	0.7	0.	0.1	4.3624e+006
45	0.65	0.	0.1	4.3573e+006
46	0.6	0.	0.1	4.3554e+006
47	0.55	0.	0.1	4.3544e+006
48	0.5	0.	0.1	4.354e+006
49	0.45	0.	0.1	4.3538e+006
50	0.4	0.	0.1	4.3538e+006
51	0.35	0.	0.1	4.3532e+006
52	0.3	0.	0.1	4.3557e+006
53	0.25	0.	0.1	4.3454e+006
54	0.2	0.	0.1	4.3413e+006
55	0.15	0.	0.1	3.9585e+006
56	0.1	0.	0.1	2.3589e+006
57	5.e-002	0.	0.1	1.7799e+007
58	5.e-002	-5.e-002	0.1	4.4933e+007
59	0.1	-5.e-002	0.1	-8.7388e+007
60	0.15	-5.e-002	0.1	-1.0599e+008
61	0.2	-5.e-002	0.1	-9.7214e+007
62	0.25	-5.e-002	0.1	-9.1811e+007
63	0.3	-5.e-002	0.1	-8.5632e+007
64	0.35	-5.e-002	0.1	-7.9678e+007
65	0.4	-5.e-002	0.1	-7.3665e+007
66	0.45	-5.e-002	0.1	-6.7669e+007
67	0.5	-5.e-002	0.1	-6.1667e+007
68	0.55	-5.e-002	0.1	-5.5667e+007
69	0.6	-5.e-002	0.1	-4.9667e+007
70	0.65	-5.e-002	0.1	-4.3666e+007
71	0.7	-5.e-002	0.1	-3.7663e+007
72	0.75	-5.e-002	0.1	-3.1657e+007
73	0.8	-5.e-002	0.1	-2.564e+007
74	0.85	-5.e-002	0.1	-1.9634e+007
75	0.9	-5.e-002	0.1	-1.3363e+007
76	0.95	-5.e-002	0.1	-5.1744e+006
77	1.	-5.e-002	0.1	-81256
78	1.	0.	0.1	-2.0657e+006
79	1.	5.e-002	0.1	3.7076e+006
80	0.95	5.e-002	0.1	8.244e+006
81	0.9	5.e-002	0.1	1.2362e+007
82	0.85	5.e-002	0.1	1.822e+007
83	0.8	5.e-002	0.1	2.4086e+007
84	0.75	5.e-002	0.1	3.005e+007
85	0.7	5.e-002	0.1	3.6028e+007
86	0.65	5.e-002	0.1	4.2019e+007
87	0.6	5.e-002	0.1	4.8015e+007
88	0.55	5.e-002	0.1	5.4014e+007
89	0.5	5.e-002	0.1	6.0013e+007
90	0.45	5.e-002	0.1	6.6012e+007
91	0.4	5.e-002	0.1	7.2015e+007
92	0.35	5.e-002	0.1	7.8002e+007
93	0.3	5.e-002	0.1	8.4051e+007
94	0.25	5.e-002	0.1	8.9862e+007
95	0.2	5.e-002	0.1	9.6502e+007
96	0.15	5.e-002	0.1	9.9595e+007
97	0.1	5.e-002	0.1	1.2968e+008
98	5.e-002	5.e-002	0.1	2.5779e+008
99	0.	5.e-002	0.1	-2.04e+008
100	0.	0.	0.1	1.4311e+006
101	0.	-5.e-002	0.1	-4.8149e+008
102	0.	0.	5.e-002	3.5007e+008
103	0.	0.	0.	1.4311e+006
104	0.	-5.e-002	0.	-4.8149e+008
105	0.	-5.e-002	5.e-002	-1.1792e+008
106	0.	5.e-002	0.	-2.04e+008
107	0.	5.e-002	5.e-002	1.0041e+008
108	0.95	5.e-002	5.e-002	5.9957e+006
109	0.9	5.e-002	5.e-002	7.151e+006
110	0.85	5.e-002	5.e-002	1.3617e+007
111	0.8	5.e-002	5.e-002	1.9746e+007
112	0.75	5.e-002	5.e-002	2.5808e+007
113	0.7	5.e-002	5.e-002	3.1827e+007
114	0.65	5.e-002	5.e-002	3.7836e+007
115	0.6	5.e-002	5.e-002	4.3841e+007
116	0.55	5.e-002	5.e-002	4.9842e+007
117	0.5	5.e-002	5.e-002	5.5843e+007
118	0.45	5.e-002	5.e-002	6.1843e+007
119	0.4	5.e-002	5.e-002	6.7844e+007
120	0.35	5.e-002	5.e-002	7.3842e+007
121	0.3	5.e-002	5.e-002	7.9852e+007
122	0.25	5.e-002	5.e-002	8.5811e+007
123	0.2	5.e-002	5.e-002	9.1929e+007
124	0.15	5.e-002	5.e-002	9.7134e+007
125	0.1	5.e-002	5.e-002	1.0383e+008
126	5.e-002	5.e-002	5.e-002	1.2781e+008
127	5.e-002	5.e-002	0.	2.5779e+008
128	0.1	5.e-002	0.	1.2968e+008
129	0.15	5.e-002	0.	9.9595e+007
130	0.2	5.e-002	0.	9.6502e+007
131	0.25	5.e-002	0.	8.9862e+007
132	0.3	5.e-002	0.	8.4051e+007
133	0.35	5.e-002	0.	7.8002e+007
134	0.4	5.e-002	0.	7.2015e+007
135	0.45	5.e-002	0.	6.6012e+007
136	0.5	5.e-002	0.	6.0013e+007
137	0.55	5.e-002	0.	5.4014e+007
138	0.6	5.e-002	0.	4.8015e+007
139	0.65	5.e-002	0.	4.2019e+007
140	0.7	5.e-002	0.	3.6028e+007
141	0.75	5.e-002	0.	3.005e+007
142	0.8	5.e-002	0.	2.4086e+007
143	0.85	5.e-002	0.	1.822e+007
144	0.9	5.e-002	0.	1.2362e+007
145	0.95	5.e-002	0.	8.244e+006
146	1.	5.e-002	0.	3.7076e+006
147	1.	5.e-002	5.e-002	4.2672e+006
148	1.	0.	5.e-002	-1.9775e+006
149	1.	0.	0.	-2.0657e+006
150	1.	-5.e-002	0.	-81256
151	1.	-5.e-002	5.e-002	1.928e+005
152	0.95	-5.e-002	5.e-002	-6.111e+006
153	0.9	-5.e-002	5.e-002	-1.4698e+007
154	0.85	-5.e-002	5.e-002	-2.0683e+007
155	0.8	-5.e-002	5.e-002	-2.6597e+007
156	0.75	-5.e-002	5.e-002	-3.2575e+007
157	0.7	-5.e-002	5.e-002	-3.857e+007
158	0.65	-5.e-002	5.e-002	-4.4567e+007
159	0.6	-5.e-002	5.e-002	-5.0566e+007
160	0.55	-5.e-002	5.e-002	-5.6565e+007
161	0.5	-5.e-002	5.e-002	-6.2565e+007
162	0.45	-5.e-002	5.e-002	-6.8565e+007
163	0.4	-5.e-002	5.e-002	-7.4565e+007
164	0.35	-5.e-002	5.e-002	-8.0564e+007
165	0.3	-5.e-002	5.e-002	-8.6568e+007
166	0.25	-5.e-002	5.e-002	-9.2552e+007
167	0.2	-5.e-002	5.e-002	-9.8657e+007
168	0.15	-5.e-002	5.e-002	-1.0466e+008
169	0.1	-5.e-002	5.e-002	-1.1417e+008
170	5.e-002	-5.e-002	5.e-002	-1.1088e+008
171	0.95	-5.e-002	0.	-5.1744e+006
172	0.9	-5.e-002	0.	-1.3363e+007
173	0.85	-5.e-002	0.	-1.9634e+007
174	0.8	-5.e-002	0.	-2.564e+007
175	0.75	-5.e-002	0.	-3.1657e+007
176	0.7	-5.e-002	0.	-3.7663e+007
177	0.65	-5.e-002	0.	-4.3666e+007
178	0.6	-5.e-002	0.	-4.9667e+007
179	0.55	-5.e-002	0.	-5.5667e+007
180	0.5	-5.e-002	0.	-6.1667e+007
181	0.45	-5.e-002	0.	-6.7669e+007
182	0.4	-5.e-002	0.	-7.3665e+007
183	0.35	-5.e-002	0.	-7.9678e+007
184	0.3	-5.e-002	0.	-8.5632e+007
185	0.25	-5.e-002	0.	-9.1811e+007
186	0.2	-5.e-002	0.	-9.7214e+007
187	0.15	-5.e-002	0.	-1.0599e+008
188	0.1	-5.e-002	0.	-8.7388e+007
189	5.e-002	-5.e-002	0.	4.4933e+007
190	0.925	-8.6736e-019	5.e-002	-1.5235e+006
191	0.95	-2.6021e-018	2.5e-002	-7.3857e+005
192	0.95	-8.6736e-019	7.5e-002	-7.3857e+005
193	0.95	2.5e-002	5.e-002	1.6711e+006
194	0.975	-8.6736e-019	5.e-002	-2.3155e+006
195	0.95	-2.5e-002	5.e-002	-4.3822e+006
196	0.875	1.7256e-031	5.e-002	-3.2164e+005
197	0.9	1.4791e-031	2.5e-002	2.1368e+006
198	0.9	4.9304e-032	7.5e-002	2.1368e+006
199	0.9	2.5e-002	5.e-002	3.3787e+006
200	0.9	-2.5e-002	5.e-002	-7.5456e+006
201	0.825	1.7347e-018	5.e-002	-2.2628e+005
202	0.85	3.6978e-031	2.5e-002	2.1202e+006
203	0.85	1.2326e-031	7.5e-002	2.1202e+006
204	0.85	2.5e-002	5.e-002	6.6835e+006
205	0.85	-2.5e-002	5.e-002	-1.0467e+007
206	0.775	1.7347e-018	5.e-002	-1.9341e+005
207	0.8	5.2042e-018	2.5e-002	2.1013e+006
208	0.8	1.7347e-018	7.5e-002	2.1013e+006
209	0.8	2.5e-002	5.e-002	9.7717e+006
210	0.8	-2.5e-002	5.e-002	-1.34e+007
211	0.725	-1.8489e-032	5.e-002	-1.7866e+005
212	0.75	-5.5467e-032	2.5e-002	2.0934e+006
213	0.75	-1.8489e-032	7.5e-002	2.0934e+006
214	0.75	2.5e-002	5.e-002	1.2812e+007
215	0.75	-2.5e-002	5.e-002	-1.6379e+007
216	0.675	1.2326e-032	5.e-002	-1.7125e+005
217	0.7	0.	2.5e-002	2.0945e+006
218	0.7	0.	7.5e-002	2.0945e+006
219	0.7	2.5e-002	5.e-002	1.5827e+007
220	0.7	-2.5e-002	5.e-002	-1.9372e+007
221	0.625	1.2326e-032	5.e-002	-1.6815e+005
222	0.65	3.6978e-032	2.5e-002	2.0941e+006
223	0.65	1.2326e-032	7.5e-002	2.0941e+006
224	0.65	2.5e-002	5.e-002	1.8834e+007
225	0.65	-2.5e-002	5.e-002	-2.2368e+007
226	0.575	1.2326e-032	5.e-002	-1.6667e+005
227	0.6	0.	2.5e-002	2.0941e+006
228	0.6	0.	7.5e-002	2.0941e+006
229	0.6	2.5e-002	5.e-002	2.1837e+007
230	0.6	-2.5e-002	5.e-002	-2.5366e+007
231	0.525	-1.7347e-018	5.e-002	-1.6616e+005
232	0.55	3.6978e-032	2.5e-002	2.0941e+006
233	0.55	1.2326e-032	7.5e-002	2.0941e+006
234	0.55	2.5e-002	5.e-002	2.4838e+007
235	0.55	-2.5e-002	5.e-002	-2.8366e+007
236	0.475	-3.4694e-018	5.e-002	-1.6549e+005
237	0.5	-5.2042e-018	2.5e-002	2.094e+006
238	0.5	-1.7347e-018	7.5e-002	2.094e+006
239	0.5	2.5e-002	5.e-002	2.7839e+007
240	0.5	-2.5e-002	5.e-002	-3.1365e+007
241	0.425	-1.7347e-018	5.e-002	-1.6674e+005
242	0.45	-5.2042e-018	2.5e-002	2.0945e+006
243	0.45	-1.7347e-018	7.5e-002	2.0945e+006
244	0.45	2.5e-002	5.e-002	3.0839e+007
245	0.45	-2.5e-002	5.e-002	-3.4365e+007
246	0.375	2.7733e-032	5.e-002	-1.6158e+005
247	0.4	8.32e-032	2.5e-002	2.0926e+006
248	0.4	2.7733e-032	7.5e-002	2.0926e+006
249	0.4	2.5e-002	5.e-002	3.3838e+007
250	0.4	-2.5e-002	5.e-002	-3.7367e+007
251	0.325	0.	5.e-002	-1.8095e+005
252	0.35	0.	2.5e-002	2.0993e+006
253	0.35	0.	7.5e-002	2.0993e+006
254	0.35	2.5e-002	5.e-002	3.6844e+007
255	0.35	-2.5e-002	5.e-002	-4.0359e+007
256	0.275	-3.0815e-033	5.e-002	-1.036e+005
257	0.3	0.	2.5e-002	2.0742e+006
258	0.3	0.	7.5e-002	2.0742e+006
259	0.3	2.5e-002	5.e-002	3.9822e+007
260	0.3	-2.5e-002	5.e-002	-4.3388e+007
261	0.225	-8.6736e-019	5.e-002	-3.1024e+005
262	0.25	-9.2445e-033	2.5e-002	2.1728e+006
263	0.25	-3.0815e-033	7.5e-002	2.1728e+006
264	0.25	2.5e-002	5.e-002	4.2905e+007
265	0.25	-2.5e-002	5.e-002	-4.6276e+007
266	0.175	-8.6736e-019	5.e-002	1.1898e+006
267	0.2	-2.6021e-018	2.5e-002	1.8603e+006
268	0.2	-8.6736e-019	7.5e-002	1.8603e+006
269	0.2	2.5e-002	5.e-002	4.5654e+007
270	0.2	-2.5e-002	5.e-002	-4.9639e+007
271	0.125	-8.6736e-019	5.e-002	-7.6688e+006
272	0.15	1.3867e-032	2.5e-002	3.4793e+006
273	0.15	4.6222e-033	7.5e-002	3.4793e+006
274	0.15	2.5e-002	5.e-002	5.0067e+007
275	0.15	-2.5e-002	5.e-002	-5.083e+007
276	7.5e-002	-8.6736e-019	5.e-002	-9.7981e+007
277	0.1	-2.6021e-018	2.5e-002	-7.9894e+006
278	0.1	-8.6736e-019	7.5e-002	-7.9894e+006
279	0.1	2.5e-002	5.e-002	4.2747e+007
280	0.1	-2.5e-002	5.e-002	-6.6255e+007
281	5.e-002	-4.6222e-033	2.5e-002	-7.9913e+007
282	5.e-002	-1.5407e-033	7.5e-002	-7.9913e+007
283	2.5e-002	-1.5407e-033	5.e-002	8.6223e+007
284	5.e-002	2.5e-002	5.e-002	-2.4908e+007
285	5.e-002	-2.5e-002	5.e-002	-1.4425e+008
286	7.5e-002	-1.7347e-018	0.	1.0079e+007
287	2.5e-002	-3.0815e-033	0.	9.6149e+006
288	5.e-002	2.5e-002	0.	1.3779e+008
289	5.e-002	-2.5e-002	0.	3.1366e+007
290	0.125	-1.7347e-018	0.	3.1587e+006
291	0.1	2.5e-002	0.	6.6022e+007
292	0.1	-2.5e-002	0.	-4.2514e+007
293	0.175	-1.7347e-018	0.	4.1499e+006
294	0.15	2.5e-002	0.	5.1777e+007
295	0.15	-2.5e-002	0.	-5.1014e+007
296	0.225	-1.7347e-018	0.	4.3433e+006
297	0.2	2.5e-002	0.	5.0421e+007
298	0.2	-2.5e-002	0.	-4.6437e+007
299	0.275	-6.163e-033	0.	4.3505e+006
300	0.25	2.5e-002	0.	4.7104e+007
301	0.25	-2.5e-002	0.	-4.3733e+007
302	0.325	0.	0.	4.3545e+006
303	0.3	2.5e-002	0.	4.4203e+007
304	0.3	-2.5e-002	0.	-4.0638e+007
305	0.375	5.5467e-032	0.	4.3535e+006
306	0.35	2.5e-002	0.	4.1178e+007
307	0.35	-2.5e-002	0.	-3.7662e+007
308	0.425	-3.4694e-018	0.	4.3538e+006
309	0.4	2.5e-002	0.	3.8185e+007
310	0.4	-2.5e-002	0.	-3.4656e+007
311	0.475	-6.9389e-018	0.	4.3539e+006
312	0.45	2.5e-002	0.	3.5183e+007
313	0.45	-2.5e-002	0.	-3.1657e+007
314	0.525	-3.4694e-018	0.	4.3542e+006
315	0.5	2.5e-002	0.	3.2184e+007
316	0.5	-2.5e-002	0.	-2.8657e+007
317	0.575	2.4652e-032	0.	4.3549e+006
318	0.55	2.5e-002	0.	2.9184e+007
319	0.55	-2.5e-002	0.	-2.5657e+007
320	0.625	2.4652e-032	0.	4.3564e+006
321	0.6	2.5e-002	0.	2.6185e+007
322	0.6	-2.5e-002	0.	-2.2656e+007
323	0.675	2.4652e-032	0.	4.3599e+006
324	0.65	2.5e-002	0.	2.3188e+007
325	0.65	-2.5e-002	0.	-1.9654e+007
326	0.725	-3.6978e-032	0.	4.3666e+006
327	0.7	2.5e-002	0.	2.0195e+007
328	0.7	-2.5e-002	0.	-1.665e+007
329	0.775	3.4694e-018	0.	4.3881e+006
330	0.75	2.5e-002	0.	1.721e+007
331	0.75	-2.5e-002	0.	-1.3643e+007
332	0.825	3.4694e-018	0.	4.4477e+006
333	0.8	2.5e-002	0.	1.4246e+007
334	0.8	-2.5e-002	0.	-1.0617e+007
335	0.875	3.4513e-031	0.	4.5786e+006
336	0.85	2.5e-002	0.	1.1355e+007
337	0.85	-2.5e-002	0.	-7.5722e+006
338	0.925	-1.7347e-018	0.	2.9217e+006
339	0.9	2.5e-002	0.	8.5146e+006
340	0.9	-2.5e-002	0.	-4.3477e+006
341	0.95	2.5e-002	0.	4.7101e+006
342	0.975	-1.7347e-018	0.	-4.447e+005
343	0.95	-2.5e-002	0.	-1.9991e+006
344	0.925	0.	0.1	2.9217e+006
345	0.95	-2.5e-002	0.1	-1.9991e+006
346	0.975	0.	0.1	-4.447e+005
347	0.95	2.5e-002	0.1	4.7101e+006
348	0.875	0.	0.1	4.5786e+006
349	0.9	-2.5e-002	0.1	-4.3477e+006
350	0.9	2.5e-002	0.1	8.5146e+006
351	0.825	0.	0.1	4.4477e+006
352	0.85	-2.5e-002	0.1	-7.5722e+006
353	0.85	2.5e-002	0.1	1.1355e+007
354	0.775	0.	0.1	4.3881e+006
355	0.8	-2.5e-002	0.1	-1.0617e+007
356	0.8	2.5e-002	0.1	1.4246e+007
357	0.725	0.	0.1	4.3666e+006
358	0.75	-2.5e-002	0.1	-1.3643e+007
359	0.75	2.5e-002	0.1	1.721e+007
360	0.675	0.	0.1	4.3599e+006
361	0.7	-2.5e-002	0.1	-1.665e+007
362	0.7	2.5e-002	0.1	2.0195e+007
363	0.625	0.	0.1	4.3564e+006
364	0.65	-2.5e-002	0.1	-1.9654e+007
365	0.65	2.5e-002	0.1	2.3188e+007
366	0.575	0.	0.1	4.3549e+006
367	0.6	-2.5e-002	0.1	-2.2656e+007
368	0.6	2.5e-002	0.1	2.6185e+007
369	0.525	0.	0.1	4.3542e+006
370	0.55	-2.5e-002	0.1	-2.5657e+007
371	0.55	2.5e-002	0.1	2.9184e+007
372	0.475	0.	0.1	4.3539e+006
373	0.5	-2.5e-002	0.1	-2.8657e+007
374	0.5	2.5e-002	0.1	3.2184e+007
375	0.425	0.	0.1	4.3538e+006
376	0.45	-2.5e-002	0.1	-3.1657e+007
377	0.45	2.5e-002	0.1	3.5183e+007
378	0.375	0.	0.1	4.3535e+006
379	0.4	-2.5e-002	0.1	-3.4656e+007
380	0.4	2.5e-002	0.1	3.8185e+007
381	0.325	0.	0.1	4.3545e+006
382	0.35	-2.5e-002	0.1	-3.7662e+007
383	0.35	2.5e-002	0.1	4.1178e+007
384	0.275	0.	0.1	4.3505e+006
385	0.3	-2.5e-002	0.1	-4.0638e+007
386	0.3	2.5e-002	0.1	4.4203e+007
387	0.225	0.	0.1	4.3433e+006
388	0.25	-2.5e-002	0.1	-4.3733e+007
389	0.25	2.5e-002	0.1	4.7104e+007
390	0.175	0.	0.1	4.1499e+006
391	0.2	-2.5e-002	0.1	-4.6437e+007
392	0.2	2.5e-002	0.1	5.0421e+007
393	0.125	0.	0.1	3.1587e+006
394	0.15	-2.5e-002	0.1	-5.1014e+007
395	0.15	2.5e-002	0.1	5.1777e+007
396	7.5e-002	0.	0.1	1.0079e+007
397	0.1	-2.5e-002	0.1	-4.2514e+007
398	0.1	2.5e-002	0.1	6.6022e+007
399	5.e-002	-2.5e-002	0.1	3.1366e+007
400	5.e-002	2.5e-002	0.1	1.3779e+008
401	2.5e-002	0.	0.1	9.6149e+006
402	7.5e-002	-5.e-002	0.1	-2.1227e+007
403	2.5e-002	-5.e-002	0.1	-2.1828e+008
404	5.e-002	-5.e-002	7.5e-002	-3.2973e+007
405	0.125	-5.e-002	0.1	-9.6687e+007
406	0.1	-5.e-002	7.5e-002	-1.0078e+008
407	0.175	-5.e-002	0.1	-1.016e+008
408	0.15	-5.e-002	7.5e-002	-1.0532e+008
409	0.225	-5.e-002	0.1	-9.4513e+007
410	0.2	-5.e-002	7.5e-002	-9.7936e+007
411	0.275	-5.e-002	0.1	-8.8721e+007
412	0.25	-5.e-002	7.5e-002	-9.2182e+007
413	0.325	-5.e-002	0.1	-8.2655e+007
414	0.3	-5.e-002	7.5e-002	-8.61e+007
415	0.375	-5.e-002	0.1	-7.6671e+007
416	0.35	-5.e-002	7.5e-002	-8.0121e+007
417	0.425	-5.e-002	0.1	-7.0667e+007
418	0.4	-5.e-002	7.5e-002	-7.4115e+007
419	0.475	-5.e-002	0.1	-6.4668e+007
420	0.45	-5.e-002	7.5e-002	-6.8117e+007
421	0.525	-5.e-002	0.1	-5.8667e+007
422	0.5	-5.e-002	7.5e-002	-6.2116e+007
423	0.575	-5.e-002	0.1	-5.2667e+007
424	0.55	-5.e-002	7.5e-002	-5.6116e+007
425	0.625	-5.e-002	0.1	-4.6666e+007
426	0.6	-5.e-002	7.5e-002	-5.0116e+007
427	0.675	-5.e-002	0.1	-4.0664e+007
428	0.65	-5.e-002	7.5e-002	-4.4116e+007
429	0.725	-5.e-002	0.1	-3.466e+007
430	0.7	-5.e-002	7.5e-002	-3.8116e+007
431	0.775	-5.e-002	0.1	-2.8648e+007
432	0.75	-5.e-002	7.5e-002	-3.2116e+007
433	0.825	-5.e-002	0.1	-2.2637e+007
434	0.8	-5.e-002	7.5e-002	-2.6119e+007
435	0.875	-5.e-002	0.1	-1.6498e+007
436	0.85	-5.e-002	7.5e-002	-2.0159e+007
437	0.925	-5.e-002	0.1	-9.2685e+006
438	0.9	-5.e-002	7.5e-002	-1.403e+007
439	0.975	-5.e-002	0.1	-2.6278e+006
440	0.95	-5.e-002	7.5e-002	-5.6427e+006
441	1.	-2.5e-002	0.1	-1.0735e+006
442	1.	-5.e-002	7.5e-002	55773
443	1.	2.5e-002	0.1	8.2097e+005
444	1.	0.	7.5e-002	-2.0216e+006
445	0.975	5.e-002	0.1	5.9758e+006
446	1.	5.e-002	7.5e-002	3.9874e+006
447	0.925	5.e-002	0.1	1.0303e+007
448	0.95	5.e-002	7.5e-002	7.1199e+006
449	0.875	5.e-002	0.1	1.5291e+007
450	0.9	5.e-002	7.5e-002	9.7565e+006
451	0.825	5.e-002	0.1	2.1153e+007
452	0.85	5.e-002	7.5e-002	1.5919e+007
453	0.775	5.e-002	0.1	2.7068e+007
454	0.8	5.e-002	7.5e-002	2.1916e+007
455	0.725	5.e-002	0.1	3.3039e+007
456	0.75	5.e-002	7.5e-002	2.7929e+007
457	0.675	5.e-002	0.1	3.9024e+007
458	0.7	5.e-002	7.5e-002	3.3927e+007
459	0.625	5.e-002	0.1	4.5017e+007
460	0.65	5.e-002	7.5e-002	3.9928e+007
461	0.575	5.e-002	0.1	5.1014e+007
462	0.6	5.e-002	7.5e-002	4.5928e+007
463	0.525	5.e-002	0.1	5.7013e+007
464	0.55	5.e-002	7.5e-002	5.1928e+007
465	0.475	5.e-002	0.1	6.3012e+007
466	0.5	5.e-002	7.5e-002	5.7928e+007
467	0.425	5.e-002	0.1	6.9013e+007
468	0.45	5.e-002	7.5e-002	6.3928e+007
469	0.375	5.e-002	0.1	7.5009e+007
470	0.4	5.e-002	7.5e-002	6.993e+007
471	0.325	5.e-002	0.1	8.1026e+007
472	0.35	5.e-002	7.5e-002	7.5922e+007
473	0.275	5.e-002	0.1	8.6956e+007
474	0.3	5.e-002	7.5e-002	8.1951e+007
475	0.225	5.e-002	0.1	9.3182e+007
476	0.25	5.e-002	7.5e-002	8.7836e+007
477	0.175	5.e-002	0.1	9.8048e+007
478	0.2	5.e-002	7.5e-002	9.4215e+007
479	0.125	5.e-002	0.1	1.1464e+008
480	0.15	5.e-002	7.5e-002	9.8364e+007
481	7.5e-002	5.e-002	0.1	1.9374e+008
482	0.1	5.e-002	7.5e-002	1.1676e+008
483	2.5e-002	5.e-002	0.1	2.6894e+007
484	5.e-002	5.e-002	7.5e-002	1.928e+008
485	0.	2.5e-002	0.1	-1.0128e+008
486	0.	5.e-002	7.5e-002	-5.1796e+007
487	0.	-2.5e-002	0.1	-2.4003e+008
488	0.	0.	7.5e-002	1.7575e+008
489	0.	-5.e-002	7.5e-002	-2.997e+008
490	0.	0.	2.5e-002	1.7575e+008
491	0.	-2.5e-002	5.e-002	1.1607e+008
492	0.	2.5e-002	5.e-002	2.2524e+008
493	0.	-2.5e-002	0.	-2.4003e+008
494	0.	2.5e-002	0.	-1.0128e+008
495	0.	-5.e-002	2.5e-002	-2.997e+008
496	2.5e-002	-5.e-002	0.	-2.1828e+008
497	2.5e-002	-5.e-002	5.e-002	-1.144e+008
498	0.	5.e-002	2.5e-002	-5.1796e+007
499	2.5e-002	5.e-002	0.	2.6894e+007
500	2.5e-002	5.e-002	5.e-002	1.1411e+008
501	0.925	5.e-002	5.e-002	6.5733e+006
502	0.95	5.e-002	2.5e-002	7.1199e+006
503	0.975	5.e-002	5.e-002	5.1315e+006
504	0.875	5.e-002	5.e-002	1.0384e+007
505	0.9	5.e-002	2.5e-002	9.7565e+006
506	0.825	5.e-002	5.e-002	1.6681e+007
507	0.85	5.e-002	2.5e-002	1.5919e+007
508	0.775	5.e-002	5.e-002	2.2777e+007
509	0.8	5.e-002	2.5e-002	2.1916e+007
510	0.725	5.e-002	5.e-002	2.8817e+007
511	0.75	5.e-002	2.5e-002	2.7929e+007
512	0.675	5.e-002	5.e-002	3.4832e+007
513	0.7	5.e-002	2.5e-002	3.3927e+007
514	0.625	5.e-002	5.e-002	4.0839e+007
515	0.65	5.e-002	2.5e-002	3.9928e+007
516	0.575	5.e-002	5.e-002	4.6841e+007
517	0.6	5.e-002	2.5e-002	4.5928e+007
518	0.525	5.e-002	5.e-002	5.2843e+007
519	0.55	5.e-002	2.5e-002	5.1928e+007
520	0.475	5.e-002	5.e-002	5.8843e+007
521	0.5	5.e-002	2.5e-002	5.7928e+007
522	0.425	5.e-002	5.e-002	6.4844e+007
523	0.45	5.e-002	2.5e-002	6.3928e+007
524	0.375	5.e-002	5.e-002	7.0843e+007
525	0.4	5.e-002	2.5e-002	6.993e+007
526	0.325	5.e-002	5.e-002	7.6847e+007
527	0.35	5.e-002	2.5e-002	7.5922e+007
528	0.275	5.e-002	5.e-002	8.2831e+007
529	0.3	5.e-002	2.5e-002	8.1951e+007
530	0.225	5.e-002	5.e-002	8.887e+007
531	0.25	5.e-002	2.5e-002	8.7836e+007
532	0.175	5.e-002	5.e-002	9.4531e+007
533	0.2	5.e-002	2.5e-002	9.4215e+007
534	0.125	5.e-002	5.e-002	1.0048e+008
535	0.15	5.e-002	2.5e-002	9.8364e+007
536	7.5e-002	5.e-002	5.e-002	1.1582e+008
537	0.1	5.e-002	2.5e-002	1.1676e+008
538	5.e-002	5.e-002	2.5e-002	1.928e+008
539	7.5e-002	5.e-002	0.	1.9374e+008
540	0.125	5.e-002	0.	1.1464e+008
541	0.175	5.e-002	0.	9.8048e+007
542	0.225	5.e-002	0.	9.3182e+007
543	0.275	5.e-002	0.	8.6956e+007
544	0.325	5.e-002	0.	8.1026e+007
545	0.375	5.e-002	0.	7.5009e+007
546	0.425	5.e-002	0.	6.9013e+007
547	0.475	5.e-002	0.	6.3012e+007
548	0.525	5.e-002	0.	5.7013e+007
549	0.575	5.e-002	0.	5.1014e+007
550	0.625	5.e-002	0.	4.5017e+007
551	0.675	5.e-002	0.	3.9024e+007
552	0.725	5.e-002	0.	3.3039e+007
553	0.775	5.e-002	0.	2.7068e+007
554	0.825	5.e-002	0.	2.1153e+007
555	0.875	5.e-002	0.	1.5291e+007
556	0.925	5.e-002	0.	1.0303e+007
557	0.975	5.e-002	0.	5.9758e+006
558	1.	5.e-002	2.5e-002	3.9874e+006
559	1.	2.5e-002	0.	8.2097e+005
560	1.	2.5e-002	5.e-002	1.1449e+006
561	1.	0.	2.5e-002	-2.0216e+006
562	1.	-2.5e-002	5.e-002	-8.9237e+005
563	1.	-2.5e-002	0.	-1.0735e+006
564	1.	-5.e-002	2.5e-002	55773
565	0.975	-5.e-002	0.	-2.6278e+006
566	0.975	-5.e-002	5.e-002	-2.9591e+006
567	0.925	-5.e-002	5.e-002	-1.0404e+007
568	0.95	-5.e-002	2.5e-002	-5.6427e+006
569	0.875	-5.e-002	5.e-002	-1.769e+007
570	0.9	-5.e-002	2.5e-002	-1.403e+007
571	0.825	-5.e-002	5.e-002	-2.364e+007
572	0.85	-5.e-002	2.5e-002	-2.0159e+007
573	0.775	-5.e-002	5.e-002	-2.9586e+007
574	0.8	-5.e-002	2.5e-002	-2.6119e+007
575	0.725	-5.e-002	5.e-002	-3.5573e+007
576	0.75	-5.e-002	2.5e-002	-3.2116e+007
577	0.675	-5.e-002	5.e-002	-4.1569e+007
578	0.7	-5.e-002	2.5e-002	-3.8116e+007
579	0.625	-5.e-002	5.e-002	-4.7566e+007
580	0.65	-5.e-002	2.5e-002	-4.4116e+007
581	0.575	-5.e-002	5.e-002	-5.3565e+007
582	0.6	-5.e-002	2.5e-002	-5.0116e+007
583	0.525	-5.e-002	5.e-002	-5.9565e+007
584	0.55	-5.e-002	2.5e-002	-5.6116e+007
585	0.475	-5.e-002	5.e-002	-6.5565e+007
586	0.5	-5.e-002	2.5e-002	-6.2116e+007
587	0.425	-5.e-002	5.e-002	-7.1565e+007
588	0.45	-5.e-002	2.5e-002	-6.8117e+007
589	0.375	-5.e-002	5.e-002	-7.7564e+007
590	0.4	-5.e-002	2.5e-002	-7.4115e+007
591	0.325	-5.e-002	5.e-002	-8.3566e+007
592	0.35	-5.e-002	2.5e-002	-8.0121e+007
593	0.275	-5.e-002	5.e-002	-8.956e+007
594	0.3	-5.e-002	2.5e-002	-8.61e+007
595	0.225	-5.e-002	5.e-002	-9.5605e+007
596	0.25	-5.e-002	2.5e-002	-9.2182e+007
597	0.175	-5.e-002	5.e-002	-1.0166e+008
598	0.2	-5.e-002	2.5e-002	-9.7936e+007
599	0.125	-5.e-002	5.e-002	-1.0942e+008
600	0.15	-5.e-002	2.5e-002	-1.0532e+008
601	7.5e-002	-5.e-002	5.e-002	-1.1252e+008
602	0.1	-5.e-002	2.5e-002	-1.0078e+008
603	5.e-002	-5.e-002	2.5e-002	-3.2973e+007
604	0.925	-5.e-002	0.	-9.2685e+006
605	0.875	-5.e-002	0.	-1.6498e+007
606	0.825	-5.e-002	0.	-2.2637e+007
607	0.775	-5.e-002	0.	-2.8648e+007
608	0.725	-5.e-002	0.	-3.466e+007
609	0.675	-5.e-002	0.	-4.0664e+007
610	0.625	-5.e-002	0.	-4.6666e+007
611	0.575	-5.e-002	0.	-5.2667e+007
612	0.525	-5.e-002	0.	-5.8667e+007
613	0.475	-5.e-002	0.	-6.4668e+007
614	0.425	-5.e-002	0.	-7.0667e+007
615	0.375	-5.e-002	0.	-7.6671e+007
616	0.325	-5.e-002	0.	-8.2655e+007
617	0.275	-5.e-002	0.	-8.8721e+007
618	0.225	-5.e-002	0.	-9.4513e+007
619	0.175	-5.e-002	0.	-1.016e+008
620	0.125	-5.e-002	0.	-9.6687e+007
621	7.5e-002	-5.e-002	0.	-2.1227e+007
