Node Number	X Location (m)	Y Location (m)	Z Location (m)	Normal Stress (Pa)
1	0.	-0.05	0.	-9.6023e+07
2	0.	-0.05	0.025	-9.6415e+07
3	0.	-0.05	0.05	-9.6409e+07
4	0.	-0.05	0.075	-9.5627e+07
5	0.	-0.05	0.1	-9.5650e+07
6	0.	-0.025	0.	2.3934e+07
7	0.	-0.025	0.025	2.4245e+07
8	0.	-0.025	0.05	2.3859e+07
9	0.	-0.025	0.075	2.3953e+07
10	0.	-0.025	0.1	2.4112e+07
11	0.	0.	0.	1.4306e+08
12	0.	0.	0.025	1.4422e+08
13	0.	0.	0.05	1.4236e+08
14	0.	0.	0.075	1.4417e+08
15	0.	0.	0.1	1.4405e+08
16	0.	0.025	0.	2.6426e+08
17	0.	0.025	0.025	2.6262e+08
18	0.	0.025	0.05	2.6436e+08
19	0.	0.025	0.075	2.6394e+08
20	0.	0.025	0.1	2.6606e+08
21	0.	0.05	0.	3.8547e+08
22	0.	0.05	0.025	3.8066e+08
23	0.	0.05	0.05	3.8208e+08
24	0.	0.05	0.075	3.8258e+08
25	0.	0.05	0.1	3.8442e+08
26	0.025	-0.05	0.	-8.9909e+07
27	0.025	-0.05	0.025	-8.9906e+07
28	0.025	-0.05	0.05	-9.1522e+07
29	0.025	-0.05	0.075	-8.9723e+07
30	0.025	-0.05	0.1	-9.0751e+07
31	0.025	-0.025	0.	2.6976e+07
32	0.025	-0.025	0.025	2.6647e+07
33	0.025	-0.025	0.05	2.7031e+07
34	0.025	-0.025	0.075	2.7181e+07
35	0.025	-0.025	0.1	2.7103e+07
36	0.025	0.	0.	1.4422e+08
37	0.025	0.	0.025	1.4402e+08
38	0.025	0.	0.05	1.4357e+08
39	0.025	0.	0.075	1.4477e+08
40	0.025	0.	0.1	1.4362e+08
41	0.025	0.025	0.	2.6000e+08
42	0.025	0.025	0.025	2.6164e+08
43	0.025	0.025	0.05	2.6053e+08
44	0.025	0.025	0.075	2.6301e+08
45	0.025	0.025	0.1	2.6173e+08
46	0.025	0.05	0.	3.7624e+08
47	0.025	0.05	0.025	3.7540e+08
48	0.025	0.05	0.05	3.7670e+08
49	0.025	0.05	0.075	3.8330e+08
50	0.025	0.05	0.1	3.7746e+08
51	0.05	-0.05	0.	-8.4382e+07
52	0.05	-0.05	0.025	-8.3342e+07
53	0.05	-0.05	0.05	-8.3454e+07
54	0.05	-0.05	0.075	-8.3905e+07
55	0.05	-0.05	0.1	-8.4857e+07
56	0.05	-0.025	0.	2.9768e+07
57	0.05	-0.025	0.025	2.9887e+07
58	0.05	-0.025	0.05	3.0162e+07
59	0.05	-0.025	0.075	3.0287e+07
60	0.05	-0.025	0.1	3.0079e+07
61	0.05	0.	0.	1.4458e+08
62	0.05	0.	0.025	1.4323e+08
63	0.05	0.	0.05	1.4286e+08
64	0.05	0.	0.075	1.4301e+08
65	0.05	0.	0.1	1.4325e+08
66	0.05	0.025	0.	2.5835e+08
67	0.05	0.025	0.025	2.5611e+08
68	0.05	0.025	0.05	2.5839e+08
69	0.05	0.025	0.075	2.5751e+08
70	0.05	0.025	0.1	2.5713e+08
71	0.05	0.05	0.	3.7398e+08
72	0.05	0.05	0.025	3.6986e+08
73	0.05	0.05	0.05	3.7520e+08
74	0.05	0.05	0.075	3.7385e+08
75	0.05	0.05	0.1	3.6979e+08
76	0.075	-0.05	0.	-7.8563e+07
77	0.075	-0.05	0.025	-7.7481e+07
78	0.075	-0.05	0.05	-7.8605e+07
79	0.075	-0.05	0.075	-7.8156e+07
80	0.075	-0.05	0.1	-7.7261e+07
81	0.075	-0.025	0.	3.2744e+07
82	0.075	-0.025	0.025	3.2920e+07
83	0.075	-0.025	0.05	3.3172e+07
84	0.075	-0.025	0.075	3.2966e+07
85	0.075	-0.025	0.1	3.2961e+07
86	0.075	0.	0.	1.4403e+08
87	0.075	0.	0.025	1.4228e+08
88	0.075	0.	0.05	1.4471e+08
89	0.075	0.	0.075	1.4516e+08
90	0.075	0.	0.1	1.4468e+08
91	0.075	0.025	0.	2.5435e+08
92	0.075	0.025	0.025	2.5365e+08
93	0.075	0.025	0.05	2.5334e+08
94	0.075	0.025	0.075	2.5327e+08
95	0.075	0.025	0.1	2.5846e+08
96	0.075	0.05	0.	3.6583e+08
97	0.075	0.05	0.025	3.6799e+08
98	0.075	0.05	0.05	3.6787e+08
99	0.075	0.05	0.075	3.6631e+08
100	0.075	0.05	0.1	3.6395e+08
101	0.1	-0.05	0.	-7.2224e+07
102	0.1	-0.05	0.025	-7.1532e+07
103	0.1	-0.05	0.05	-7.2260e+07
104	0.1	-0.05	0.075	-7.1552e+07
105	0.1	-0.05	0.1	-7.1812e+07
106	0.1	-0.025	0.	3.5905e+07
107	0.1	-0.025	0.025	3.6302e+07
108	0.1	-0.025	0.05	3.5474e+07
109	0.1	-0.025	0.075	3.6503e+07
110	0.1	-0.025	0.1	3.5826e+07
111	0.1	0.	0.	1.4389e+08
112	0.1	0.	0.025	1.4436e+08
113	0.1	0.	0.05	1.4428e+08
114	0.1	0.	0.075	1.4473e+08
115	0.1	0.	0.1	1.4453e+08
116	0.1	0.025	0.	2.5508e+08
117	0.1	0.025	0.025	2.5311e+08
118	0.1	0.025	0.05	2.5182e+08
119	0.1	0.025	0.075	2.5116e+08
120	0.1	0.025	0.1	2.5112e+08
121	0.1	0.05	0.	3.6279e+08
122	0.1	0.05	0.025	3.6379e+08
123	0.1	0.05	0.05	3.6217e+08
124	0.1	0.05	0.075	3.5316e+08
125	0.1	0.05	0.1	3.5515e+08
126	0.125	-0.05	0.	-6.5997e+07
127	0.125	-0.05	0.025	-6.5934e+07
128	0.125	-0.05	0.05	-6.6008e+07
129	0.125	-0.05	0.075	-6.6496e+07
130	0.125	-0.05	0.1	-6.6476e+07
131	0.125	-0.025	0.	3.9041e+07
132	0.125	-0.025	0.025	3.8643e+07
133	0.125	-0.025	0.05	3.8712e+07
134	0.125	-0.025	0.075	3.9016e+07
135	0.125	-0.025	0.1	3.9098e+07
136	0.125	0.	0.	1.4295e+08
137	0.125	0.	0.025	1.4457e+08
138	0.125	0.	0.05	1.4249e+08
139	0.125	0.	0.075	1.4170e+08
140	0.125	0.	0.1	1.4324e+08
141	0.125	0.025	0.	2.5105e+08
142	0.125	0.025	0.025	2.5127e+08
143	0.125	0.025	0.05	2.4662e+08
144	0.125	0.025	0.075	2.4673e+08
145	0.125	0.025	0.1	2.5014e+08
146	0.125	0.05	0.	3.5306e+08
147	0.125	0.05	0.025	3.5690e+08
148	0.125	0.05	0.05	3.5558e+08
149	0.125	0.05	0.075	3.5595e+08
150	0.125	0.05	0.1	3.5225e+08
151	0.15	-0.05	0.	-6.0160e+07
152	0.15	-0.05	0.025	-6.0726e+07
153	0.15	-0.05	0.05	-6.0051e+07
154	0.15	-0.05	0.075	-5.9984e+07
155	0.15	-0.05	0.1	-5.9843e+07
156	0.15	-0.025	0.	4.1596e+07
157	0.15	-0.025	0.025	4.1723e+07
158	0.15	-0.025	0.05	4.1775e+07
159	0.15	-0.025	0.075	4.1586e+07
160	0.15	-0.025	0.1	4.1611e+07
161	0.15	0.	0.	1.4188e+08
162	0.15	0.	0.025	1.4332e+08
163	0.15	0.	0.05	1.4458e+08
164	0.15	0.	0.075	1.4373e+08
165	0.15	0.	0.1	1.4373e+08
166	0.15	0.025	0.	2.4713e+08
167	0.15	0.025	0.025	2.4849e+08
168	0.15	0.025	0.05	2.4936e+08
169	0.15	0.025	0.075	2.4621e+08
170	0.15	0.025	0.1	2.4558e+08
171	0.15	0.05	0.	3.4714e+08
172	0.15	0.05	0.025	3.4923e+08
173	0.15	0.05	0.05	3.4767e+08
174	0.15	0.05	0.075	3.4768e+08
175	0.15	0.05	0.1	3.4782e+08
176	0.175	-0.05	0.	-5.3695e+07
177	0.175	-0.05	0.025	-5.3244e+07
178	0.175	-0.05	0.05	-5.3783e+07
179	0.175	-0.05	0.075	-5.4472e+07
180	0.175	-0.05	0.1	-5.4457e+07
181	0.175	-0.025	0.	4.5254e+07
182	0.175	-0.025	0.025	4.4867e+07
183	0.175	-0.025	0.05	4.4787e+07
184	0.175	-0.025	0.075	4.5439e+07
185	0.175	-0.025	0.1	4.4708e+07
186	0.175	0.	0.	1.4403e+08
187	0.175	0.	0.025	1.4546e+08
188	0.175	0.	0.05	1.4411e+08
189	0.175	0.	0.075	1.4375e+08
190	0.175	0.	0.1	1.4500e+08
191	0.175	0.025	0.	2.4310e+08
192	0.175	0.025	0.025	2.4329e+08
193	0.175	0.025	0.05	2.4521e+08
194	0.175	0.025	0.075	2.3929e+08
195	0.175	0.025	0.1	2.4352e+08
196	0.175	0.05	0.	3.4043e+08
197	0.175	0.05	0.025	3.4157e+08
198	0.175	0.05	0.05	3.4223e+08
199	0.175	0.05	0.075	3.4061e+08
200	0.175	0.05	0.1	3.4247e+08
201	0.2	-0.05	0.	-4.8111e+07
202	0.2	-0.05	0.025	-4.8059e+07
203	0.2	-0.05	0.05	-4.8032e+07
204	0.2	-0.05	0.075	-4.7966e+07
205	0.2	-0.05	0.1	-4.7972e+07
206	0.2	-0.025	0.	4.8023e+07
207	0.2	-0.025	0.025	4.7729e+07
208	0.2	-0.025	0.05	4.8366e+07
209	0.2	-0.025	0.075	4.7974e+07
210	0.2	-0.025	0.1	4.7884e+07
211	0.2	0.	0.	1.4434e+08
212	0.2	0.	0.025	1.4390e+08
213	0.2	0.	0.05	1.4507e+08
214	0.2	0.	0.075	1.4477e+08
215	0.2	0.	0.1	1.4408e+08
216	0.2	0.025	0.	2.4135e+08
217	0.2	0.025	0.025	2.4034e+08
218	0.2	0.025	0.05	2.3834e+08
219	0.2	0.025	0.075	2.4128e+08
220	0.2	0.025	0.1	2.3726e+08
221	0.2	0.05	0.	3.2891e+08
222	0.2	0.05	0.025	3.3741e+08
223	0.2	0.05	0.05	3.3689e+08
224	0.2	0.05	0.075	3.3676e+08
225	0.2	0.05	0.1	3.3880e+08
226	0.225	-0.05	0.	-4.1994e+07
227	0.225	-0.05	0.025	-4.1905e+07
228	0.225	-0.05	0.05	-4.2201e+07
229	0.225	-0.05	0.075	-4.1820e+07
230	0.225	-0.05	0.1	-4.1940e+07
231	0.225	-0.025	0.	5.1077e+07
232	0.225	-0.025	0.025	5.1102e+07
233	0.225	-0.025	0.05	5.0898e+07
234	0.225	-0.025	0.075	5.0850e+07
235	0.225	-0.025	0.1	5.0657e+07
236	0.225	0.	0.	1.4332e+08
237	0.225	0.	0.025	1.4557e+08
238	0.225	0.	0.05	1.4377e+08
239	0.225	0.	0.075	1.4416e+08
240	0.225	0.	0.1	1.4271e+08
241	0.225	0.025	0.	2.4064e+08
242	0.225	0.025	0.025	2.3577e+08
243	0.225	0.025	0.05	2.3533e+08
244	0.225	0.025	0.075	2.3691e+08
245	0.225	0.025	0.1	2.3573e+08
246	0.225	0.05	0.	3.3072e+08
247	0.225	0.05	0.025	3.2701e+08
248	0.225	0.05	0.05	3.3225e+08
249	0.225	0.05	0.075	3.3186e+08
250	0.225	0.05	0.1	3.2977e+08
251	0.25	-0.05	0.	-3.5642e+07
252	0.25	-0.05	0.025	-3.5825e+07
253	0.25	-0.05	0.05	-3.6014e+07
254	0.25	-0.05	0.075	-3.5739e+07
255	0.25	-0.05	0.1	-3.5774e+07
256	0.25	-0.025	0.	5.4340e+07
257	0.25	-0.025	0.025	5.4050e+07
258	0.25	-0.025	0.05	5.4040e+07
259	0.25	-0.025	0.075	5.4171e+07
260	0.25	-0.025	0.1	5.3947e+07
261	0.25	0.	0.	1.4395e+08
262	0.25	0.	0.025	1.4439e+08
263	0.25	0.	0.05	1.4470e+08
264	0.25	0.	0.075	1.4443e+08
265	0.25	0.	0.1	1.4526e+08
266	0.25	0.025	0.	2.3403e+08
267	0.25	0.025	0.025	2.3211e+08
268	0.25	0.025	0.05	2.3553e+08
269	0.25	0.025	0.075	2.3366e+08
270	0.25	0.025	0.1	2.3292e+08
271	0.25	0.05	0.	3.2538e+08
272	0.25	0.05	0.025	3.2472e+08
273	0.25	0.05	0.05	3.2151e+08
274	0.25	0.05	0.075	3.2530e+08
275	0.25	0.05	0.1	3.2764e+08
276	0.275	-0.05	0.	-3.0058e+07
277	0.275	-0.05	0.025	-2.9954e+07
278	0.275	-0.05	0.05	-2.9700e+07
279	0.275	-0.05	0.075	-3.0369e+07
280	0.275	-0.05	0.1	-2.9907e+07
281	0.275	-0.025	0.	5.6518e+07
282	0.275	-0.025	0.025	5.7038e+07
283	0.275	-0.025	0.05	5.7345e+07
284	0.275	-0.025	0.075	5.7423e+07
285	0.275	-0.025	0.1	5.6770e+07
286	0.275	0.	0.	1.4391e+08
287	0.275	0.	0.025	1.4400e+08
288	0.275	0.	0.05	1.4484e+08
289	0.275	0.	0.075	1.4451e+08
290	0.275	0.	0.1	1.4423e+08
291	0.275	0.025	0.	2.3227e+08
292	0.275	0.025	0.025	2.2911e+08
293	0.275	0.025	0.05	2.3158e+08
294	0.275	0.025	0.075	2.3131e+08
295	0.275	0.025	0.1	2.3093e+08
296	0.275	0.05	0.	3.1752e+08
297	0.275	0.05	0.025	3.1826e+08
298	0.275	0.05	0.05	3.1691e+08
299	0.275	0.05	0.075	3.2320e+08
300	0.275	0.05	0.1	3.2059e+08
301	0.3	-0.05	0.	-2.4157e+07
302	0.3	-0.05	0.025	-2.3924e+07
303	0.3	-0.05	0.05	-2.3862e+07
304	0.3	-0.05	0.075	-2.3969e+07
305	0.3	-0.05	0.1	-2.4016e+07
306	0.3	-0.025	0.	5.9479e+07
307	0.3	-0.025	0.025	6.0173e+07
308	0.3	-0.025	0.05	6.0390e+07
309	0.3	-0.025	0.075	5.9195e+07
310	0.3	-0.025	0.1	5.9676e+07
311	0.3	0.	0.	1.4506e+08
312	0.3	0.	0.025	1.4432e+08
313	0.3	0.	0.05	1.4325e+08
314	0.3	0.	0.075	1.4464e+08
315	0.3	0.	0.1	1.4349e+08
316	0.3	0.025	0.	2.2768e+08
317	0.3	0.025	0.025	2.2644e+08
318	0.3	0.025	0.05	2.2802e+08
319	0.3	0.025	0.075	2.2939e+08
320	0.3	0.025	0.1	2.2735e+08
321	0.3	0.05	0.	3.1321e+08
322	0.3	0.05	0.025	3.1191e+08
323	0.3	0.05	0.05	3.1402e+08
324	0.3	0.05	0.075	3.1113e+08
325	0.3	0.05	0.1	3.1491e+08
326	0.325	-0.05	0.	-1.8074e+07
327	0.325	-0.05	0.025	-1.8026e+07
328	0.325	-0.05	0.05	-1.8030e+07
329	0.325	-0.05	0.075	-1.7950e+07
330	0.325	-0.05	0.1	-1.7943e+07
331	0.325	-0.025	0.	6.3099e+07
332	0.325	-0.025	0.025	6.2547e+07
333	0.325	-0.025	0.05	6.2773e+07
334	0.325	-0.025	0.075	6.2646e+07
335	0.325	-0.025	0.1	6.3216e+07
336	0.325	0.	0.	1.4451e+08
337	0.325	0.	0.025	1.4510e+08
338	0.325	0.	0.05	1.4371e+08
339	0.325	0.	0.075	1.4330e+08
340	0.325	0.	0.1	1.4273e+08
341	0.325	0.025	0.	2.2537e+08
342	0.325	0.025	0.025	2.2689e+08
343	0.325	0.025	0.05	2.2490e+08
344	0.325	0.025	0.075	2.2504e+08
345	0.325	0.025	0.1	2.2499e+08
346	0.325	0.05	0.	3.0647e+08
347	0.325	0.05	0.025	3.0783e+08
348	0.325	0.05	0.05	3.0952e+08
349	0.325	0.05	0.075	3.0691e+08
350	0.325	0.05	0.1	3.0704e+08
351	0.35	-0.05	0.	-1.1983e+07
352	0.35	-0.05	0.025	-1.1992e+07
353	0.35	-0.05	0.05	-1.1991e+07
354	0.35	-0.05	0.075	-1.1974e+07
355	0.35	-0.05	0.1	-1.2009e+07
356	0.35	-0.025	0.	6.6247e+07
357	0.35	-0.025	0.025	6.6025e+07
358	0.35	-0.025	0.05	6.5889e+07
359	0.35	-0.025	0.075	6.6050e+07
360	0.35	-0.025	0.1	6.5620e+07
361	0.35	0.	0.	1.4469e+08
362	0.35	0.	0.025	1.4364e+08
363	0.35	0.	0.05	1.4300e+08
364	0.35	0.	0.075	1.4440e+08
365	0.35	0.	0.1	1.4444e+08
366	0.35	0.025	0.	2.2085e+08
367	0.35	0.025	0.025	2.2283e+08
368	0.35	0.025	0.05	2.2284e+08
369	0.35	0.025	0.075	2.2463e+08
370	0.35	0.025	0.1	2.2169e+08
371	0.35	0.05	0.	2.9990e+08
372	0.35	0.05	0.025	2.9891e+08
373	0.35	0.05	0.05	3.0089e+08
374	0.35	0.05	0.075	2.9999e+08
375	0.35	0.05	0.1	3.0178e+08
376	0.375	-0.05	0.	-5.9844e+06
377	0.375	-0.05	0.025	-6.0170e+06
378	0.375	-0.05	0.05	-5.9914e+06
379	0.375	-0.05	0.075	-5.9337e+06
380	0.375	-0.05	0.1	-6.0226e+06
381	0.375	-0.025	0.	6.8276e+07
382	0.375	-0.025	0.025	6.8934e+07
383	0.375	-0.025	0.05	6.8940e+07
384	0.375	-0.025	0.075	6.8997e+07
385	0.375	-0.025	0.1	6.9020e+07
386	0.375	0.	0.	1.4403e+08
387	0.375	0.	0.025	1.4431e+08
388	0.375	0.	0.05	1.4391e+08
389	0.375	0.	0.075	1.4626e+08
390	0.375	0.	0.1	1.4370e+08
391	0.375	0.025	0.	2.1739e+08
392	0.375	0.025	0.025	2.1715e+08
393	0.375	0.025	0.05	2.1986e+08
394	0.375	0.025	0.075	2.1691e+08
395	0.375	0.025	0.1	2.1741e+08
396	0.375	0.05	0.	2.9161e+08
397	0.375	0.05	0.025	2.9481e+08
398	0.375	0.05	0.05	2.9635e+08
399	0.375	0.05	0.075	2.9233e+08
400	0.375	0.05	0.1	2.9474e+08
401	0.4	-0.05	0.	2.9331e-08
402	0.4	-0.05	0.025	2.9669e-08
403	0.4	-0.05	0.05	2.9910e-08
404	0.4	-0.05	0.075	2.9746e-08
405	0.4	-0.05	0.1	2.9980e-08
406	0.4	-0.025	0.	7.1035e+07
407	0.4	-0.025	0.025	7.1682e+07
408	0.4	-0.025	0.05	7.2196e+07
409	0.4	-0.025	0.075	7.2190e+07
410	0.4	-0.025	0.1	7.2223e+07
411	0.4	0.	0.	1.4418e+08
412	0.4	0.	0.025	1.4301e+08
413	0.4	0.	0.05	1.4333e+08
414	0.4	0.	0.075	1.4600e+08
415	0.4	0.	0.1	1.4291e+08
416	0.4	0.025	0.	2.1417e+08
417	0.4	0.025	0.025	2.1688e+08
418	0.4	0.025	0.05	2.1463e+08
419	0.4	0.025	0.075	2.1832e+08
420	0.4	0.025	0.1	2.1954e+08
421	0.4	0.05	0.	2.8758e+08
422	0.4	0.05	0.025	2.8853e+08
423	0.4	0.05	0.05	2.8485e+08
424	0.4	0.05	0.075	2.8978e+08
425	0.4	0.05	0.1	2.8413e+08
426	0.425	-0.05	0.	5.9518e+06
427	0.425	-0.05	0.025	6.0043e+06
428	0.425	-0.05	0.05	6.0197e+06
429	0.425	-0.05	0.075	5.9466e+06
430	0.425	-0.05	0.1	5.9805e+06
431	0.425	-0.025	0.	7.4252e+07
432	0.425	-0.025	0.025	7.4857e+07
433	0.425	-0.025	0.05	7.4640e+07
434	0.425	-0.025	0.075	7.4714e+07
435	0.425	-0.025	0.1	7.5293e+07
436	0.425	0.	0.	1.4424e+08
437	0.425	0.	0.025	1.4448e+08
438	0.425	0.	0.05	1.4389e+08
439	0.425	0.	0.075	1.4462e+08
440	0.425	0.	0.1	1.4397e+08
441	0.425	0.025	0.	2.1237e+08
442	0.425	0.025	0.025	2.1373e+08
443	0.425	0.025	0.05	2.1246e+08
444	0.425	0.025	0.075	2.1258e+08
445	0.425	0.025	0.1	2.1437e+08
446	0.425	0.05	0.	2.8365e+08
447	0.425	0.05	0.025	2.8150e+08
448	0.425	0.05	0.05	2.8348e+08
449	0.425	0.05	0.075	2.7984e+08
450	0.425	0.05	0.1	2.8151e+08
451	0.45	-0.05	0.	1.1946e+07
452	0.45	-0.05	0.025	1.2000e+07
453	0.45	-0.05	0.05	1.2053e+07
454	0.45	-0.05	0.075	1.2040e+07
455	0.45	-0.05	0.1	1.2030e+07
456	0.45	-0.025	0.	7.8064e+07
457	0.45	-0.025	0.025	7.7925e+07
458	0.45	-0.025	0.05	7.8562e+07
459	0.45	-0.025	0.075	7.7276e+07
460	0.45	-0.025	0.1	7.7688e+07
461	0.45	0.	0.	1.4436e+08
462	0.45	0.	0.025	1.4532e+08
463	0.45	0.	0.05	1.4370e+08
464	0.45	0.	0.075	1.4377e+08
465	0.45	0.	0.1	1.4289e+08
466	0.45	0.025	0.	2.0932e+08
467	0.45	0.025	0.025	2.1089e+08
468	0.45	0.025	0.05	2.1199e+08
469	0.45	0.025	0.075	2.0963e+08
470	0.45	0.025	0.1	2.0899e+08
471	0.45	0.05	0.	2.7612e+08
472	0.45	0.05	0.025	2.7333e+08
473	0.45	0.05	0.05	2.7805e+08
474	0.45	0.05	0.075	2.7396e+08
475	0.45	0.05	0.1	2.7652e+08
476	0.475	-0.05	0.	1.8032e+07
477	0.475	-0.05	0.025	1.8068e+07
478	0.475	-0.05	0.05	1.8028e+07
479	0.475	-0.05	0.075	1.8000e+07
480	0.475	-0.05	0.1	1.8046e+07
481	0.475	-0.025	0.	8.1406e+07
482	0.475	-0.025	0.025	8.1873e+07
483	0.475	-0.025	0.05	8.0464e+07
484	0.475	-0.025	0.075	8.0106e+07
485	0.475	-0.025	0.1	8.0248e+07
486	0.475	0.	0.	1.4243e+08
487	0.475	0.	0.025	1.4296e+08
488	0.475	0.	0.05	1.4285e+08
489	0.475	0.	0.075	1.4364e+08
490	0.475	0.	0.1	1.4474e+08
491	0.475	0.025	0.	2.0778e+08
492	0.475	0.025	0.025	2.0623e+08
493	0.475	0.025	0.05	2.0633e+08
494	0.475	0.025	0.075	2.0950e+08
495	0.475	0.025	0.1	2.0774e+08
496	0.475	0.05	0.	2.7028e+08
497	0.475	0.05	0.025	2.7020e+08
498	0.475	0.05	0.05	2.6953e+08
499	0.475	0.05	0.075	2.7325e+08
500	0.475	0.05	0.1	2.6969e+08
501	0.5	-0.05	0.	2.4021e+07
502	0.5	-0.05	0.025	2.3763e+07
503	0.5	-0.05	0.05	2.3908e+07
504	0.5	-0.05	0.075	2.3921e+07
505	0.5	-0.05	0.1	2.4070e+07
506	0.5	-0.025	0.	8.3609e+07
507	0.5	-0.025	0.025	8.4024e+07
508	0.5	-0.025	0.05	8.3694e+07
509	0.5	-0.025	0.075	8.3445e+07
510	0.5	-0.025	0.1	8.3425e+07
511	0.5	0.	0.	1.4385e+08
512	0.5	0.	0.025	1.4409e+08
513	0.5	0.	0.05	1.4383e+08
514	0.5	0.	0.075	1.4328e+08
515	0.5	0.	0.1	1.4388e+08
516	0.5	0.025	0.	2.0361e+08
517	0.5	0.025	0.025	2.0272e+08
518	0.5	0.025	0.05	2.0410e+08
519	0.5	0.025	0.075	2.0622e+08
520	0.5	0.025	0.1	2.0382e+08
521	0.5	0.05	0.	2.6169e+08
522	0.5	0.05	0.025	2.6633e+08
523	0.5	0.05	0.05	2.6599e+08
524	0.5	0.05	0.075	2.6627e+08
525	0.5	0.05	0.1	2.6393e+08
526	0.525	-0.05	0.	2.9859e+07
527	0.525	-0.05	0.025	2.9839e+07
528	0.525	-0.05	0.05	3.0205e+07
529	0.525	-0.05	0.075	3.0289e+07
530	0.525	-0.05	0.1	2.9834e+07
531	0.525	-0.025	0.	8.5685e+07
532	0.525	-0.025	0.025	8.6991e+07
533	0.525	-0.025	0.05	8.6528e+07
534	0.525	-0.025	0.075	8.6631e+07
535	0.525	-0.025	0.1	8.6876e+07
536	0.525	0.	0.	1.4435e+08
537	0.525	0.	0.025	1.4333e+08
538	0.525	0.	0.05	1.4412e+08
539	0.525	0.	0.075	1.4389e+08
540	0.525	0.	0.1	1.4201e+08
541	0.525	0.025	0.	2.0166e+08
542	0.525	0.025	0.025	2.0046e+08
543	0.525	0.025	0.05	1.9948e+08
544	0.525	0.025	0.075	2.0012e+08
545	0.525	0.025	0.1	2.0124e+08
546	0.525	0.05	0.	2.5807e+08
547	0.525	0.05	0.025	2.5900e+08
548	0.525	0.05	0.05	2.5868e+08
549	0.525	0.05	0.075	2.5619e+08
550	0.525	0.05	0.1	2.5343e+08
551	0.55	-0.05	0.	3.6026e+07
552	0.55	-0.05	0.025	3.6136e+07
553	0.55	-0.05	0.05	3.5956e+07
554	0.55	-0.05	0.075	3.6143e+07
555	0.55	-0.05	0.1	3.5784e+07
556	0.55	-0.025	0.	8.9813e+07
557	0.55	-0.025	0.025	8.9503e+07
558	0.55	-0.025	0.05	9.0377e+07
559	0.55	-0.025	0.075	8.9508e+07
560	0.55	-0.025	0.1	9.1112e+07
561	0.55	0.	0.	1.4357e+08
562	0.55	0.	0.025	1.4469e+08
563	0.55	0.	0.05	1.4358e+08
564	0.55	0.	0.075	1.4516e+08
565	0.55	0.	0.1	1.4512e+08
566	0.55	0.025	0.	1.9762e+08
567	0.55	0.025	0.025	1.9833e+08
568	0.55	0.025	0.05	1.9951e+08
569	0.55	0.025	0.075	1.9836e+08
570	0.55	0.025	0.1	1.9691e+08
571	0.55	0.05	0.	2.5211e+08
572	0.55	0.05	0.025	2.5087e+08
573	0.55	0.05	0.05	2.5223e+08
574	0.55	0.05	0.075	2.5081e+08
575	0.55	0.05	0.1	2.5256e+08
576	0.575	-0.05	0.	4.1549e+07
577	0.575	-0.05	0.025	4.1717e+07
578	0.575	-0.05	0.05	4.1800e+07
579	0.575	-0.05	0.075	4.1960e+07
580	0.575	-0.05	0.1	4.1619e+07
581	0.575	-0.025	0.	9.2507e+07
582	0.575	-0.025	0.025	9.3434e+07
583	0.575	-0.025	0.05	9.3501e+07
584	0.575	-0.025	0.075	9.1586e+07
585	0.575	-0.025	0.1	9.2673e+07
586	0.575	0.	0.	1.4510e+08
587	0.575	0.	0.025	1.4433e+08
588	0.575	0.	0.05	1.4435e+08
589	0.575	0.	0.075	1.4449e+08
590	0.575	0.	0.1	1.4317e+08
591	0.575	0.025	0.	1.9525e+08
592	0.575	0.025	0.025	1.9555e+08
593	0.575	0.025	0.05	1.9513e+08
594	0.575	0.025	0.075	1.9454e+08
595	0.575	0.025	0.1	1.9494e+08
596	0.575	0.05	0.	2.4432e+08
597	0.575	0.05	0.025	2.4691e+08
598	0.575	0.05	0.05	2.4388e+08
599	0.575	0.05	0.075	2.4480e+08
600	0.575	0.05	0.1	2.4701e+08
601	0.6	-0.05	0.	4.8084e+07
602	0.6	-0.05	0.025	4.7861e+07
603	0.6	-0.05	0.05	4.7507e+07
604	0.6	-0.05	0.075	4.7987e+07
605	0.6	-0.05	0.1	4.7819e+07
606	0.6	-0.025	0.	9.6277e+07
607	0.6	-0.025	0.025	9.5702e+07
608	0.6	-0.025	0.05	9.4992e+07
609	0.6	-0.025	0.075	9.5203e+07
610	0.6	-0.025	0.1	9.5754e+07
611	0.6	0.	0.	1.4409e+08
612	0.6	0.	0.025	1.4299e+08
613	0.6	0.	0.05	1.4334e+08
614	0.6	0.	0.075	1.4468e+08
615	0.6	0.	0.1	1.4496e+08
616	0.6	0.025	0.	1.9232e+08
617	0.6	0.025	0.025	1.9167e+08
618	0.6	0.025	0.05	1.9128e+08
619	0.6	0.025	0.075	1.9262e+08
620	0.6	0.025	0.1	1.9164e+08
621	0.6	0.05	0.	2.4132e+08
622	0.6	0.05	0.025	2.4140e+08
623	0.6	0.05	0.05	2.4059e+08
624	0.6	0.05	0.075	2.3928e+08
625	0.6	0.05	0.1	2.3939e+08
626	0.625	-0.05	0.	5.3467e+07
627	0.625	-0.05	0.025	5.3983e+07
628	0.625	-0.05	0.05	5.3973e+07
629	0.625	-0.05	0.075	5.3554e+07
630	0.625	-0.05	0.1	5.4766e+07
631	0.625	-0.025	0.	9.9330e+07
632	0.625	-0.025	0.025	9.8501e+07
633	0.625	-0.025	0.05	1.0022e+08
634	0.625	-0.025	0.075	9.8705e+07
635	0.625	-0.025	0.1	9.9493e+07
636	0.625	0.	0.	1.4408e+08
637	0.625	0.	0.025	1.4360e+08
638	0.625	0.	0.05	1.4371e+08
639	0.625	0.	0.075	1.4524e+08
640	0.625	0.	0.1	1.4476e+08
641	0.625	0.025	0.	1.8886e+08
642	0.625	0.025	0.025	1.8667e+08
643	0.625	0.025	0.05	1.8935e+08
644	0.625	0.025	0.075	1.8759e+08
645	0.625	0.025	0.1	1.8961e+08
646	0.625	0.05	0.	2.3300e+08
647	0.625	0.05	0.025	2.3314e+08
648	0.625	0.05	0.05	2.3310e+08
649	0.625	0.05	0.075	2.3543e+08
650	0.625	0.05	0.1	2.3152e+08
651	0.65	-0.05	0.	6.0266e+07
652	0.65	-0.05	0.025	6.0123e+07
653	0.65	-0.05	0.05	5.9974e+07
654	0.65	-0.05	0.075	5.9839e+07
655	0.65	-0.05	0.1	6.0175e+07
656	0.65	-0.025	0.	1.0173e+08
657	0.65	-0.025	0.025	1.0173e+08
658	0.65	-0.025	0.05	1.0204e+08
659	0.65	-0.025	0.075	1.0305e+08
660	0.65	-0.025	0.1	1.0107e+08
661	0.65	0.	0.	1.4443e+08
662	0.65	0.	0.025	1.4388e+08
663	0.65	0.	0.05	1.4381e+08
664	0.65	0.	0.075	1.4268e+08
665	0.65	0.	0.1	1.4248e+08
666	0.65	0.025	0.	1.8638e+08
667	0.65	0.025	0.025	1.8458e+08
668	0.65	0.025	0.05	1.8713e+08
669	0.65	0.025	0.075	1.8487e+08
670	0.65	0.025	0.1	1.8661e+08
671	0.65	0.05	0.	2.2721e+08
672	0.65	0.05	0.025	2.2715e+08
673	0.65	0.05	0.05	2.2675e+08
674	0.65	0.05	0.075	2.2860e+08
675	0.65	0.05	0.1	2.2898e+08
676	0.675	-0.05	0.	6.5875e+07
677	0.675	-0.05	0.025	6.6234e+07
678	0.675	-0.05	0.05	6.6005e+07
679	0.675	-0.05	0.075	6.5472e+07
680	0.675	-0.05	0.1	6.6150e+07
681	0.675	-0.025	0.	1.0481e+08
682	0.675	-0.025	0.025	1.0335e+08
683	0.675	-0.025	0.05	1.0475e+08
684	0.675	-0.025	0.075	1.0393e+08
685	0.675	-0.025	0.1	1.0422e+08
686	0.675	0.	0.	1.4378e+08
687	0.675	0.	0.025	1.4394e+08
688	0.675	0.	0.05	1.4328e+08
689	0.675	0.	0.075	1.4446e+08
690	0.675	0.	0.1	1.4390e+08
691	0.675	0.025	0.	1.8253e+08
692	0.675	0.025	0.025	1.8305e+08
693	0.675	0.025	0.05	1.8432e+08
694	0.675	0.025	0.075	1.8064e+08
695	0.675	0.025	0.1	1.8443e+08
696	0.675	0.05	0.	2.2118e+08
697	0.675	0.05	0.025	2.2096e+08
698	0.675	0.05	0.05	2.2146e+08
699	0.675	0.05	0.075	2.2082e+08
700	0.675	0.05	0.1	2.2061e+08
701	0.7	-0.05	0.	7.2366e+07
702	0.7	-0.05	0.025	7.2069e+07
703	0.7	-0.05	0.05	7.1172e+07
704	0.7	-0.05	0.075	7.2291e+07
705	0.7	-0.05	0.1	7.2228e+07
706	0.7	-0.025	0.	1.0704e+08
707	0.7	-0.025	0.025	1.0812e+08
708	0.7	-0.025	0.05	1.0840e+08
709	0.7	-0.025	0.075	1.0696e+08
710	0.7	-0.025	0.1	1.0818e+08
711	0.7	0.	0.	1.4342e+08
712	0.7	0.	0.025	1.4447e+08
713	0.7	0.	0.05	1.4319e+08
714	0.7	0.	0.075	1.4490e+08
715	0.7	0.	0.1	1.4379e+08
716	0.7	0.025	0.	1.7934e+08
717	0.7	0.025	0.025	1.7922e+08
718	0.7	0.025	0.05	1.8094e+08
719	0.7	0.025	0.075	1.7922e+08
720	0.7	0.025	0.1	1.8115e+08
721	0.7	0.05	0.	2.1628e+08
722	0.7	0.05	0.025	2.1420e+08
723	0.7	0.05	0.05	2.1603e+08
724	0.7	0.05	0.075	2.1606e+08
725	0.7	0.05	0.1	2.1416e+08
726	0.725	-0.05	0.	7.8004e+07
727	0.725	-0.05	0.025	7.8254e+07
728	0.725	-0.05	0.05	7.8528e+07
729	0.725	-0.05	0.075	7.8507e+07
730	0.725	-0.05	0.1	7.9118e+07
731	0.725	-0.025	0.	1.1100e+08
732	0.725	-0.025	0.025	1.1137e+08
733	0.725	-0.025	0.05	1.1060e+08
734	0.725	-0.025	0.075	1.1225e+08
735	0.725	-0.025	0.1	1.1041e+08
736	0.725	0.	0.	1.4559e+08
737	0.725	0.	0.025	1.4548e+08
738	0.725	0.	0.05	1.4332e+08
739	0.725	0.	0.075	1.4490e+08
740	0.725	0.	0.1	1.4439e+08
741	0.725	0.025	0.	1.7656e+08
742	0.725	0.025	0.025	1.7686e+08
743	0.725	0.025	0.05	1.7728e+08
744	0.725	0.025	0.075	1.7738e+08
745	0.725	0.025	0.1	1.7859e+08
746	0.725	0.05	0.	2.1072e+08
747	0.725	0.05	0.025	2.0903e+08
748	0.725	0.05	0.05	2.1094e+08
749	0.725	0.05	0.075	2.0780e+08
750	0.725	0.05	0.1	2.0951e+08
751	0.75	-0.05	0.	8.3854e+07
752	0.75	-0.05	0.025	8.4332e+07
753	0.75	-0.05	0.05	8.4892e+07
754	0.75	-0.05	0.075	8.4110e+07
755	0.75	-0.05	0.1	8.3818e+07
756	0.75	-0.025	0.	1.1352e+08
757	0.75	-0.025	0.025	1.1457e+08
758	0.75	-0.025	0.05	1.1387e+08
759	0.75	-0.025	0.075	1.1366e+08
760	0.75	-0.025	0.1	1.1465e+08
761	0.75	0.	0.	1.4501e+08
762	0.75	0.	0.025	1.4317e+08
763	0.75	0.	0.05	1.4271e+08
764	0.75	0.	0.075	1.4392e+08
765	0.75	0.	0.1	1.4301e+08
766	0.75	0.025	0.	1.7267e+08
767	0.75	0.025	0.025	1.7291e+08
768	0.75	0.025	0.05	1.7509e+08
769	0.75	0.025	0.075	1.7468e+08
770	0.75	0.025	0.1	1.7657e+08
771	0.75	0.05	0.	2.0321e+08
772	0.75	0.05	0.025	2.0563e+08
773	0.75	0.05	0.05	2.0460e+08
774	0.75	0.05	0.075	2.0332e+08
775	0.75	0.05	0.1	2.0382e+08
776	0.775	-0.05	0.	8.9697e+07
777	0.775	-0.05	0.025	9.0140e+07
778	0.775	-0.05	0.05	9.0533e+07
779	0.775	-0.05	0.075	8.9801e+07
780	0.775	-0.05	0.1	9.0458e+07
781	0.775	-0.025	0.	1.1789e+08
782	0.775	-0.025	0.025	1.1805e+08
783	0.775	-0.025	0.05	1.1618e+08
784	0.775	-0.025	0.075	1.1697e+08
785	0.775	-0.025	0.1	1.1750e+08
786	0.775	0.	0.	1.4306e+08
787	0.775	0.	0.025	1.4287e+08
788	0.775	0.	0.05	1.4398e+08
789	0.775	0.	0.075	1.4364e+08
790	0.775	0.	0.1	1.4385e+08
791	0.775	0.025	0.	1.7052e+08
792	0.775	0.025	0.025	1.7322e+08
793	0.775	0.025	0.05	1.7053e+08
794	0.775	0.025	0.075	1.7160e+08
795	0.775	0.025	0.1	1.7153e+08
796	0.775	0.05	0.	1.9599e+08
797	0.775	0.05	0.025	1.9974e+08
798	0.775	0.05	0.05	1.9874e+08
799	0.775	0.05	0.075	1.9819e+08
800	0.775	0.05	0.1	1.9926e+08
801	0.8	-0.05	0.	9.5972e+07
802	0.8	-0.05	0.025	9.6508e+07
803	0.8	-0.05	0.05	9.4919e+07
804	0.8	-0.05	0.075	9.6471e+07
805	0.8	-0.05	0.1	9.6106e+07
806	0.8	-0.025	0.	1.2014e+08
807	0.8	-0.025	0.025	1.1939e+08
808	0.8	-0.025	0.05	1.1984e+08
809	0.8	-0.025	0.075	1.1982e+08
810	0.8	-0.025	0.1	1.1918e+08
811	0.8	0.	0.	1.4431e+08
812	0.8	0.	0.025	1.4536e+08
813	0.8	0.	0.05	1.4277e+08
814	0.8	0.	0.075	1.4442e+08
815	0.8	0.	0.1	1.4364e+08
816	0.8	0.025	0.	1.6746e+08
817	0.8	0.025	0.025	1.6808e+08
818	0.8	0.025	0.05	1.6809e+08
819	0.8	0.025	0.075	1.6819e+08
820	0.8	0.025	0.1	1.6686e+08
821	0.8	0.05	0.	1.9326e+08
822	0.8	0.05	0.025	1.9209e+08
823	0.8	0.05	0.05	1.9268e+08
824	0.8	0.05	0.075	1.9340e+08
825	0.8	0.05	0.1	1.8979e+08
826	0.825	-0.05	0.	1.0239e+08
827	0.825	-0.05	0.025	1.0190e+08
828	0.825	-0.05	0.05	1.0262e+08
829	0.825	-0.05	0.075	1.0151e+08
830	0.825	-0.05	0.1	1.0257e+08
831	0.825	-0.025	0.	1.2222e+08
832	0.825	-0.025	0.025	1.2330e+08
833	0.825	-0.025	0.05	1.2321e+08
834	0.825	-0.025	0.075	1.2289e+08
835	0.825	-0.025	0.1	1.2224e+08
836	0.825	0.	0.	1.4368e+08
837	0.825	0.	0.025	1.4480e+08
838	0.825	0.	0.05	1.4529e+08
839	0.825	0.	0.075	1.4569e+08
840	0.825	0.	0.1	1.4446e+08
841	0.825	0.025	0.	1.6525e+08
842	0.825	0.025	0.025	1.6544e+08
843	0.825	0.025	0.05	1.6691e+08
844	0.825	0.025	0.075	1.6552e+08
845	0.825	0.025	0.1	1.6509e+08
846	0.825	0.05	0.	1.8569e+08
847	0.825	0.05	0.025	1.8582e+08
848	0.825	0.05	0.05	1.8643e+08
849	0.825	0.05	0.075	1.8516e+08
850	0.825	0.05	0.1	1.8530e+08
851	0.85	-0.05	0.	1.0796e+08
852	0.85	-0.05	0.025	1.0771e+08
853	0.85	-0.05	0.05	1.0839e+08
854	0.85	-0.05	0.075	1.0844e+08
855	0.85	-0.05	0.1	1.0817e+08
856	0.85	-0.025	0.	1.2637e+08
857	0.85	-0.025	0.025	1.2609e+08
858	0.85	-0.025	0.05	1.2313e+08
859	0.85	-0.025	0.075	1.2534e+08
860	0.85	-0.025	0.1	1.2653e+08
861	0.85	0.	0.	1.4328e+08
862	0.85	0.	0.025	1.4474e+08
863	0.85	0.	0.05	1.4479e+08
864	0.85	0.	0.075	1.4377e+08
865	0.85	0.	0.1	1.4349e+08
866	0.85	0.025	0.	1.6201e+08
867	0.85	0.025	0.025	1.6196e+08
868	0.85	0.025	0.05	1.6261e+08
869	0.85	0.025	0.075	1.5972e+08
870	0.85	0.025	0.1	1.6129e+08
871	0.85	0.05	0.	1.7891e+08
872	0.85	0.05	0.025	1.7728e+08
873	0.85	0.05	0.05	1.7947e+08
874	0.85	0.05	0.075	1.7838e+08
875	0.85	0.05	0.1	1.7958e+08
876	0.875	-0.05	0.	1.1367e+08
877	0.875	-0.05	0.025	1.1431e+08
878	0.875	-0.05	0.05	1.1383e+08
879	0.875	-0.05	0.075	1.1284e+08
880	0.875	-0.05	0.1	1.1424e+08
881	0.875	-0.025	0.	1.3087e+08
882	0.875	-0.025	0.025	1.2983e+08
883	0.875	-0.025	0.05	1.2953e+08
884	0.875	-0.025	0.075	1.2885e+08
885	0.875	-0.025	0.1	1.2862e+08
886	0.875	0.	0.	1.4352e+08
887	0.875	0.	0.025	1.4421e+08
888	0.875	0.	0.05	1.4302e+08
889	0.875	0.	0.075	1.4419e+08
890	0.875	0.	0.1	1.4343e+08
891	0.875	0.025	0.	1.5736e+08
892	0.875	0.025	0.025	1.5835e+08
893	0.875	0.025	0.05	1.6019e+08
894	0.875	0.025	0.075	1.5913e+08
895	0.875	0.025	0.1	1.5561e+08
896	0.875	0.05	0.	1.7330e+08
897	0.875	0.05	0.025	1.7494e+08
898	0.875	0.05	0.05	1.7369e+08
899	0.875	0.05	0.075	1.7455e+08
900	0.875	0.05	0.1	1.7359e+08
901	0.9	-0.05	0.	1.2013e+08
902	0.9	-0.05	0.025	1.2003e+08
903	0.9	-0.05	0.05	1.1953e+08
904	0.9	-0.05	0.075	1.2041e+08
905	0.9	-0.05	0.1	1.2110e+08
906	0.9	-0.025	0.	1.3230e+08
907	0.9	-0.025	0.025	1.3208e+08
908	0.9	-0.025	0.05	1.3133e+08
909	0.9	-0.025	0.075	1.3274e+08
910	0.9	-0.025	0.1	1.3160e+08
911	0.9	0.	0.	1.4448e+08
912	0.9	0.	0.025	1.4466e+08
913	0.9	0.	0.05	1.4485e+08
914	0.9	0.	0.075	1.4487e+08
915	0.9	0.	0.1	1.4484e+08
916	0.9	0.025	0.	1.5482e+08
917	0.9	0.025	0.025	1.5520e+08
918	0.9	0.025	0.05	1.5472e+08
919	0.9	0.025	0.075	1.5465e+08
920	0.9	0.025	0.1	1.5743e+08
921	0.9	0.05	0.	1.6701e+08
922	0.9	0.05	0.025	1.6686e+08
923	0.9	0.05	0.05	1.6794e+08
924	0.9	0.05	0.075	1.6725e+08
925	0.9	0.05	0.1	1.7028e+08
926	0.925	-0.05	0.	1.2579e+08
927	0.925	-0.05	0.025	1.2634e+08
928	0.925	-0.05	0.05	1.2541e+08
929	0.925	-0.05	0.075	1.2474e+08
930	0.925	-0.05	0.1	1.2545e+08
931	0.925	-0.025	0.	1.3442e+08
932	0.925	-0.025	0.025	1.3441e+08
933	0.925	-0.025	0.05	1.3370e+08
934	0.925	-0.025	0.075	1.3511e+08
935	0.925	-0.025	0.1	1.3473e+08
936	0.925	0.	0.	1.4267e+08
937	0.925	0.	0.025	1.4409e+08
938	0.925	0.	0.05	1.4466e+08
939	0.925	0.	0.075	1.4503e+08
940	0.925	0.	0.1	1.4191e+08
941	0.925	0.025	0.	1.5233e+08
942	0.925	0.025	0.025	1.5174e+08
943	0.925	0.025	0.05	1.5240e+08
944	0.925	0.025	0.075	1.5427e+08
945	0.925	0.025	0.1	1.5233e+08
946	0.925	0.05	0.	1.6154e+08
947	0.925	0.05	0.025	1.6119e+08
948	0.925	0.05	0.05	1.6358e+08
949	0.925	0.05	0.075	1.5976e+08
950	0.925	0.05	0.1	1.6146e+08
951	0.95	-0.05	0.	1.3131e+08
952	0.95	-0.05	0.025	1.3064e+08
953	0.95	-0.05	0.05	1.3287e+08
954	0.95	-0.05	0.075	1.3057e+08
955	0.95	-0.05	0.1	1.3164e+08
956	0.95	-0.025	0.	1.3793e+08
957	0.95	-0.025	0.025	1.3738e+08
958	0.95	-0.025	0.05	1.3656e+08
959	0.95	-0.025	0.075	1.3786e+08
960	0.95	-0.025	0.1	1.3737e+08
961	0.95	0.	0.	1.4470e+08
962	0.95	0.	0.025	1.4445e+08
963	0.95	0.	0.05	1.4568e+08
964	0.95	0.	0.075	1.4410e+08
965	0.95	0.	0.1	1.4451e+08
966	0.95	0.025	0.	1.4968e+08
967	0.95	0.025	0.025	1.5154e+08
968	0.95	0.025	0.05	1.5001e+08
969	0.95	0.025	0.075	1.4991e+08
970	0.95	0.025	0.1	1.5049e+08
971	0.95	0.05	0.	1.5540e+08
972	0.95	0.05	0.025	1.5553e+08
973	0.95	0.05	0.05	1.5651e+08
974	0.95	0.05	0.075	1.5669e+08
975	0.95	0.05	0.1	1.5656e+08
976	0.975	-0.05	0.	1.3793e+08
977	0.975	-0.05	0.025	1.3822e+08
978	0.975	-0.05	0.05	1.3880e+08
979	0.975	-0.05	0.075	1.3709e+08
980	0.975	-0.05	0.1	1.3800e+08
981	0.975	-0.025	0.	1.3854e+08
982	0.975	-0.025	0.025	1.4163e+08
983	0.975	-0.025	0.05	1.4034e+08
984	0.975	-0.025	0.075	1.4036e+08
985	0.975	-0.025	0.1	1.4090e+08
986	0.975	0.	0.	1.4453e+08
987	0.975	0.	0.025	1.4607e+08
988	0.975	0.	0.05	1.4266e+08
989	0.975	0.	0.075	1.4327e+08
990	0.975	0.	0.1	1.4420e+08
991	0.975	0.025	0.	1.4636e+08
992	0.975	0.025	0.025	1.4774e+08
993	0.975	0.025	0.05	1.4685e+08
994	0.975	0.025	0.075	1.4778e+08
995	0.975	0.025	0.1	1.4678e+08
996	0.975	0.05	0.	1.5049e+08
997	0.975	0.05	0.025	1.4914e+08
998	0.975	0.05	0.05	1.5174e+08
999	0.975	0.05	0.075	1.4847e+08
1000	0.975	0.05	0.1	1.4936e+08
1001	1	-0.05	0.	1.4277e+08
1002	1	-0.05	0.025	1.4469e+08
1003	1	-0.05	0.05	1.4447e+08
1004	1	-0.05	0.075	1.4295e+08
1005	1	-0.05	0.1	1.4486e+08
1006	1	-0.025	0.	1.4340e+08
1007	1	-0.025	0.025	1.4433e+08
1008	1	-0.025	0.05	1.4454e+08
1009	1	-0.025	0.075	1.4379e+08
1010	1	-0.025	0.1	1.4479e+08
1011	1	0.	0.	1.4388e+08
1012	1	0.	0.025	1.4429e+08
1013	1	0.	0.05	1.4376e+08
1014	1	0.	0.075	1.4239e+08
1015	1	0.	0.1	1.4389e+08
1016	1	0.025	0.	1.4325e+08
1017	1	0.025	0.025	1.4520e+08
1018	1	0.025	0.05	1.4282e+08
1019	1	0.025	0.075	1.4506e+08
1020	1	0.025	0.1	1.4385e+08
1021	1	0.05	0.	1.4435e+08
1022	1	0.05	0.025	1.4281e+08
1023	1	0.05	0.05	1.4373e+08
1024	1	0.05	0.075	1.4343e+08
1025	1	0.05	0.1	1.4582e+08
