Node Number	X Location (m)	Y Location (m)	Z Location (m)	Normal Stress (Pa)
1	0.	-0.05	0.	2.4994e+08
2	0.	-0.05	0.025	2.4975e+08
3	0.	-0.05	0.05	2.5160e+08
4	0.	-0.05	0.075	2.5219e+08
5	0.	-0.05	0.1	2.5350e+08
6	0.	-0.025	0.	3.4555e+08
7	0.	-0.025	0.025	3.4566e+08
8	0.	-0.025	0.05	3.4109e+08
9	0.	-0.025	0.075	3.4392e+08
10	0.	-0.025	0.1	3.4287e+08
11	0.	0.	0.	4.2917e+08
12	0.	0.	0.025	4.2711e+08
13	0.	0.	0.05	4.3237e+08
14	0.	0.	0.075	4.2812e+08
15	0.	0.	0.1	4.2979e+08
16	0.	0.025	0.	5.1986e+08
17	0.	0.025	0.025	5.2269e+08
18	0.	0.025	0.05	5.2601e+08
19	0.	0.025	0.075	5.2204e+08
20	0.	0.025	0.1	5.2031e+08
21	0.	0.05	0.	6.0440e+08
22	0.	0.05	0.025	6.1368e+08
23	0.	0.05	0.05	6.1210e+08
24	0.	0.05	0.075	6.0998e+08
25	0.	0.05	0.1	6.1628e+08
26	0.025	-0.05	0.	2.5467e+08
27	0.025	-0.05	0.025	2.5545e+08
28	0.025	-0.05	0.05	2.5612e+08
29	0.025	-0.05	0.075	2.5563e+08
30	0.025	-0.05	0.1	2.5735e+08
31	0.025	-0.025	0.	3.4521e+08
32	0.025	-0.025	0.025	3.4642e+08
33	0.025	-0.025	0.05	3.4529e+08
34	0.025	-0.025	0.075	3.4401e+08
35	0.025	-0.025	0.1	3.4355e+08
36	0.025	0.	0.	4.3318e+08
37	0.025	0.	0.025	4.3151e+08
38	0.025	0.	0.05	4.3212e+08
39	0.025	0.	0.075	4.3332e+08
40	0.025	0.	0.1	4.3236e+08
41	0.025	0.025	0.	5.2071e+08
42	0.025	0.025	0.025	5.1728e+08
43	0.025	0.025	0.05	5.2396e+08
44	0.025	0.025	0.075	5.1630e+08
45	0.025	0.025	0.1	5.2112e+08
46	0.025	0.05	0.	6.0573e+08
47	0.025	0.05	0.025	6.1145e+08
48	0.025	0.05	0.05	6.1072e+08
49	0.025	0.05	0.075	6.0749e+08
50	0.025	0.05	0.1	6.1317e+08
51	0.05	-0.05	0.	2.6071e+08
52	0.05	-0.05	0.025	2.6238e+08
53	0.05	-0.05	0.05	2.5986e+08
54	0.05	-0.05	0.075	2.6163e+08
55	0.05	-0.05	0.1	2.5954e+08
56	0.05	-0.025	0.	3.4654e+08
57	0.05	-0.025	0.025	3.4639e+08
58	0.05	-0.025	0.05	3.4833e+08
59	0.05	-0.025	0.075	3.4511e+08
60	0.05	-0.025	0.1	3.5289e+08
61	0.05	0.	0.	4.2842e+08
62	0.05	0.	0.025	4.3260e+08
63	0.05	0.	0.05	4.3275e+08
64	0.05	0.	0.075	4.3339e+08
65	0.05	0.	0.1	4.3066e+08
66	0.05	0.025	0.	5.1825e+08
67	0.05	0.025	0.025	5.1575e+08
68	0.05	0.025	0.05	5.2332e+08
69	0.05	0.025	0.075	5.1553e+08
70	0.05	0.025	0.1	5.1704e+08
71	0.05	0.05	0.	6.0060e+08
72	0.05	0.05	0.025	6.0010e+08
73	0.05	0.05	0.05	5.9793e+08
74	0.05	0.05	0.075	6.0543e+08
75	0.05	0.05	0.1	6.0057e+08
76	0.075	-0.05	0.	2.6423e+08
77	0.075	-0.05	0.025	2.6397e+08
78	0.075	-0.05	0.05	2.6598e+08
79	0.075	-0.05	0.075	2.6553e+08
80	0.075	-0.05	0.1	2.6554e+08
81	0.075	-0.025	0.	3.4716e+08
82	0.075	-0.025	0.025	3.4966e+08
83	0.075	-0.025	0.05	3.4736e+08
84	0.075	-0.025	0.075	3.4890e+08
85	0.075	-0.025	0.1	3.4846e+08
86	0.075	0.	0.	4.2762e+08
87	0.075	0.	0.025	4.3726e+08
88	0.075	0.	0.05	4.3349e+08
89	0.075	0.	0.075	4.3247e+08
90	0.075	0.	0.1	4.3288e+08
91	0.075	0.025	0.	5.2159e+08
92	0.075	0.025	0.025	5.1876e+08
93	0.075	0.025	0.05	5.1633e+08
94	0.075	0.025	0.075	5.1306e+08
95	0.075	0.025	0.1	5.1355e+08
96	0.075	0.05	0.	5.9202e+08
97	0.075	0.05	0.025	5.9718e+08
98	0.075	0.05	0.05	6.0088e+08
99	0.075	0.05	0.075	6.0078e+08
100	0.075	0.05	0.1	6.0071e+08
101	0.1	-0.05	0.	2.6917e+08
102	0.1	-0.05	0.025	2.7089e+08
103	0.1	-0.05	0.05	2.7134e+08
104	0.1	-0.05	0.075	2.6639e+08
105	0.1	-0.05	0.1	2.7049e+08
106	0.1	-0.025	0.	3.5538e+08
107	0.1	-0.025	0.025	3.5039e+08
108	0.1	-0.025	0.05	3.4569e+08
109	0.1	-0.025	0.075	3.4929e+08
110	0.1	-0.025	0.1	3.4718e+08
111	0.1	0.	0.	4.3036e+08
112	0.1	0.	0.025	4.2883e+08
113	0.1	0.	0.05	4.3441e+08
114	0.1	0.	0.075	4.3402e+08
115	0.1	0.	0.1	4.3289e+08
116	0.1	0.025	0.	5.1677e+08
117	0.1	0.025	0.025	5.1126e+08
118	0.1	0.025	0.05	5.1323e+08
119	0.1	0.025	0.075	5.1975e+08
120	0.1	0.025	0.1	5.1480e+08
121	0.1	0.05	0.	5.9608e+08
122	0.1	0.05	0.025	5.9126e+08
123	0.1	0.05	0.05	5.9252e+08
124	0.1	0.05	0.075	5.9043e+08
125	0.1	0.05	0.1	5.9999e+08
126	0.125	-0.05	0.	2.7193e+08
127	0.125	-0.05	0.025	2.7601e+08
128	0.125	-0.05	0.05	2.7546e+08
129	0.125	-0.05	0.075	2.7186e+08
130	0.125	-0.05	0.1	2.7638e+08
131	0.125	-0.025	0.	3.5270e+08
132	0.125	-0.025	0.025	3.5045e+08
133	0.125	-0.025	0.05	3.5402e+08
134	0.125	-0.025	0.075	3.5151e+08
135	0.125	-0.025	0.1	3.5282e+08
136	0.125	0.	0.	4.3069e+08
137	0.125	0.	0.025	4.2972e+08
138	0.125	0.	0.05	4.2892e+08
139	0.125	0.	0.075	4.3407e+08
140	0.125	0.	0.1	4.3284e+08
141	0.125	0.025	0.	5.1155e+08
142	0.125	0.025	0.025	5.0963e+08
143	0.125	0.025	0.05	5.1091e+08
144	0.125	0.025	0.075	5.0849e+08
145	0.125	0.025	0.1	5.0844e+08
146	0.125	0.05	0.	5.9555e+08
147	0.125	0.05	0.025	5.9263e+08
148	0.125	0.05	0.05	5.8751e+08
149	0.125	0.05	0.075	5.8421e+08
150	0.125	0.05	0.1	5.8348e+08
151	0.15	-0.05	0.	2.7794e+08
152	0.15	-0.05	0.025	2.7918e+08
153	0.15	-0.05	0.05	2.7920e+08
154	0.15	-0.05	0.075	2.7925e+08
155	0.15	-0.05	0.1	2.7956e+08
156	0.15	-0.025	0.	3.5329e+08
157	0.15	-0.025	0.025	3.5872e+08
158	0.15	-0.025	0.05	3.5508e+08
159	0.15	-0.025	0.075	3.5613e+08
160	0.15	-0.025	0.1	3.5410e+08
161	0.15	0.	0.	4.3281e+08
162	0.15	0.	0.025	4.3738e+08
163	0.15	0.	0.05	4.2944e+08
164	0.15	0.	0.075	4.2911e+08
165	0.15	0.	0.1	4.2976e+08
166	0.15	0.025	0.	5.0748e+08
167	0.15	0.025	0.025	5.0691e+08
168	0.15	0.025	0.05	5.0532e+08
169	0.15	0.025	0.075	5.0835e+08
170	0.15	0.025	0.1	5.1326e+08
171	0.15	0.05	0.	5.8447e+08
172	0.15	0.05	0.025	5.8466e+08
173	0.15	0.05	0.05	5.8620e+08
174	0.15	0.05	0.075	5.8727e+08
175	0.15	0.05	0.1	5.8982e+08
176	0.175	-0.05	0.	2.8391e+08
177	0.175	-0.05	0.025	2.8350e+08
178	0.175	-0.05	0.05	2.8181e+08
179	0.175	-0.05	0.075	2.8476e+08
180	0.175	-0.05	0.1	2.8206e+08
181	0.175	-0.025	0.	3.5587e+08
182	0.175	-0.025	0.025	3.5816e+08
183	0.175	-0.025	0.05	3.6106e+08
184	0.175	-0.025	0.075	3.5931e+08
185	0.175	-0.025	0.1	3.5767e+08
186	0.175	0.	0.	4.2946e+08
187	0.175	0.	0.025	4.3595e+08
188	0.175	0.	0.05	4.3185e+08
189	0.175	0.	0.075	4.3125e+08
190	0.175	0.	0.1	4.3344e+08
191	0.175	0.025	0.	5.0489e+08
192	0.175	0.025	0.025	5.0396e+08
193	0.175	0.025	0.05	5.0425e+08
194	0.175	0.025	0.075	5.0425e+08
195	0.175	0.025	0.1	5.0283e+08
196	0.175	0.05	0.	5.7618e+08
197	0.175	0.05	0.025	5.8389e+08
198	0.175	0.05	0.05	5.8283e+08
199	0.175	0.05	0.075	5.7763e+08
200	0.175	0.05	0.1	5.8359e+08
201	0.2	-0.05	0.	2.8853e+08
202	0.2	-0.05	0.025	2.8744e+08
203	0.2	-0.05	0.05	2.8588e+08
204	0.2	-0.05	0.075	2.8859e+08
205	0.2	-0.05	0.1	2.9122e+08
206	0.2	-0.025	0.	3.6003e+08
207	0.2	-0.025	0.025	3.6216e+08
208	0.2	-0.025	0.05	3.5954e+08
209	0.2	-0.025	0.075	3.6199e+08
210	0.2	-0.025	0.1	3.5968e+08
211	0.2	0.	0.	4.2577e+08
212	0.2	0.	0.025	4.3013e+08
213	0.2	0.	0.05	4.3234e+08
214	0.2	0.	0.075	4.3481e+08
215	0.2	0.	0.1	4.3160e+08
216	0.2	0.025	0.	5.0409e+08
217	0.2	0.025	0.025	5.0222e+08
218	0.2	0.025	0.05	5.0872e+08
219	0.2	0.025	0.075	5.0854e+08
220	0.2	0.025	0.1	5.0196e+08
221	0.2	0.05	0.	5.7076e+08
222	0.2	0.05	0.025	5.6975e+08
223	0.2	0.05	0.05	5.7809e+08
224	0.2	0.05	0.075	5.7647e+08
225	0.2	0.05	0.1	5.7330e+08
226	0.225	-0.05	0.	2.9298e+08
227	0.225	-0.05	0.025	2.9034e+08
228	0.225	-0.05	0.05	2.9390e+08
229	0.225	-0.05	0.075	2.9183e+08
230	0.225	-0.05	0.1	2.9060e+08
231	0.225	-0.025	0.	3.6145e+08
232	0.225	-0.025	0.025	3.6138e+08
233	0.225	-0.025	0.05	3.6304e+08
234	0.225	-0.025	0.075	3.6478e+08
235	0.225	-0.025	0.1	3.6467e+08
236	0.225	0.	0.	4.3241e+08
237	0.225	0.	0.025	4.3151e+08
238	0.225	0.	0.05	4.3053e+08
239	0.225	0.	0.075	4.2742e+08
240	0.225	0.	0.1	4.3195e+08
241	0.225	0.025	0.	4.9919e+08
242	0.225	0.025	0.025	5.0542e+08
243	0.225	0.025	0.05	5.0115e+08
244	0.225	0.025	0.075	5.0400e+08
245	0.225	0.025	0.1	5.0030e+08
246	0.225	0.05	0.	5.6918e+08
247	0.225	0.05	0.025	5.7357e+08
248	0.225	0.05	0.05	5.7245e+08
249	0.225	0.05	0.075	5.7260e+08
250	0.225	0.05	0.1	5.7118e+08
251	0.25	-0.05	0.	2.9841e+08
252	0.25	-0.05	0.025	2.9815e+08
253	0.25	-0.05	0.05	2.9312e+08
254	0.25	-0.05	0.075	2.9654e+08
255	0.25	-0.05	0.1	2.9881e+08
256	0.25	-0.025	0.	3.6227e+08
257	0.25	-0.025	0.025	3.6080e+08
258	0.25	-0.025	0.05	3.6420e+08
259	0.25	-0.025	0.075	3.6564e+08
260	0.25	-0.025	0.1	3.6349e+08
261	0.25	0.	0.	4.3535e+08
262	0.25	0.	0.025	4.3678e+08
263	0.25	0.	0.05	4.2701e+08
264	0.25	0.	0.075	4.3100e+08
265	0.25	0.	0.1	4.2609e+08
266	0.25	0.025	0.	5.0148e+08
267	0.25	0.025	0.025	4.9746e+08
268	0.25	0.025	0.05	4.9807e+08
269	0.25	0.025	0.075	5.0294e+08
270	0.25	0.025	0.1	4.9552e+08
271	0.25	0.05	0.	5.6163e+08
272	0.25	0.05	0.025	5.5925e+08
273	0.25	0.05	0.05	5.7132e+08
274	0.25	0.05	0.075	5.7053e+08
275	0.25	0.05	0.1	5.6600e+08
276	0.275	-0.05	0.	2.9919e+08
277	0.275	-0.05	0.025	3.0301e+08
278	0.275	-0.05	0.05	3.0648e+08
279	0.275	-0.05	0.075	3.0107e+08
280	0.275	-0.05	0.1	2.9932e+08
281	0.275	-0.025	0.	3.6948e+08
282	0.275	-0.025	0.025	3.6426e+08
283	0.275	-0.025	0.05	3.6594e+08
284	0.275	-0.025	0.075	3.6094e+08
285	0.275	-0.025	0.1	3.6608e+08
286	0.275	0.	0.	4.2869e+08
287	0.275	0.	0.025	4.3526e+08
288	0.275	0.	0.05	4.2947e+08
289	0.275	0.	0.075	4.3402e+08
290	0.275	0.	0.1	4.3173e+08
291	0.275	0.025	0.	4.9762e+08
292	0.275	0.025	0.025	4.9881e+08
293	0.275	0.025	0.05	4.9709e+08
294	0.275	0.025	0.075	4.9532e+08
295	0.275	0.025	0.1	4.9483e+08
296	0.275	0.05	0.	5.6422e+08
297	0.275	0.05	0.025	5.5608e+08
298	0.275	0.05	0.05	5.6816e+08
299	0.275	0.05	0.075	5.6294e+08
300	0.275	0.05	0.1	5.6136e+08
301	0.3	-0.05	0.	3.0649e+08
302	0.3	-0.05	0.025	3.0491e+08
303	0.3	-0.05	0.05	3.0567e+08
304	0.3	-0.05	0.075	3.0392e+08
305	0.3	-0.05	0.1	3.0669e+08
306	0.3	-0.025	0.	3.6883e+08
307	0.3	-0.025	0.025	3.6942e+08
308	0.3	-0.025	0.05	3.7228e+08
309	0.3	-0.025	0.075	3.6722e+08
310	0.3	-0.025	0.1	3.6871e+08
311	0.3	0.	0.	4.2772e+08
312	0.3	0.	0.025	4.3343e+08
313	0.3	0.	0.05	4.3195e+08
314	0.3	0.	0.075	4.3204e+08
315	0.3	0.	0.1	4.3159e+08
316	0.3	0.025	0.	4.9328e+08
317	0.3	0.025	0.025	5.0241e+08
318	0.3	0.025	0.05	4.9511e+08
319	0.3	0.025	0.075	4.9588e+08
320	0.3	0.025	0.1	4.9162e+08
321	0.3	0.05	0.	5.6096e+08
322	0.3	0.05	0.025	5.5759e+08
323	0.3	0.05	0.05	5.5949e+08
324	0.3	0.05	0.075	5.6102e+08
325	0.3	0.05	0.1	5.5765e+08
326	0.325	-0.05	0.	3.0924e+08
327	0.325	-0.05	0.025	3.0616e+08
328	0.325	-0.05	0.05	3.0978e+08
329	0.325	-0.05	0.075	3.0923e+08
330	0.325	-0.05	0.1	3.0837e+08
331	0.325	-0.025	0.	3.7449e+08
332	0.325	-0.025	0.025	3.7344e+08
333	0.325	-0.025	0.05	3.6717e+08
334	0.325	-0.025	0.075	3.7159e+08
335	0.325	-0.025	0.1	3.6943e+08
336	0.325	0.	0.	4.3295e+08
337	0.325	0.	0.025	4.2993e+08
338	0.325	0.	0.05	4.3060e+08
339	0.325	0.	0.075	4.3450e+08
340	0.325	0.	0.1	4.3412e+08
341	0.325	0.025	0.	4.9721e+08
342	0.325	0.025	0.025	4.9211e+08
343	0.325	0.025	0.05	4.8845e+08
344	0.325	0.025	0.075	4.9547e+08
345	0.325	0.025	0.1	4.9549e+08
346	0.325	0.05	0.	5.5559e+08
347	0.325	0.05	0.025	5.5103e+08
348	0.325	0.05	0.05	5.4994e+08
349	0.325	0.05	0.075	5.5528e+08
350	0.325	0.05	0.1	5.5056e+08
351	0.35	-0.05	0.	3.1442e+08
352	0.35	-0.05	0.025	3.2049e+08
353	0.35	-0.05	0.05	3.1902e+08
354	0.35	-0.05	0.075	3.1650e+08
355	0.35	-0.05	0.1	3.1375e+08
356	0.35	-0.025	0.	3.7188e+08
357	0.35	-0.025	0.025	3.7510e+08
358	0.35	-0.025	0.05	3.7685e+08
359	0.35	-0.025	0.075	3.7235e+08
360	0.35	-0.025	0.1	3.7248e+08
361	0.35	0.	0.	4.3223e+08
362	0.35	0.	0.025	4.2840e+08
363	0.35	0.	0.05	4.2848e+08
364	0.35	0.	0.075	4.2895e+08
365	0.35	0.	0.1	4.3342e+08
366	0.35	0.025	0.	4.9130e+08
367	0.35	0.025	0.025	4.9385e+08
368	0.35	0.025	0.05	4.8539e+08
369	0.35	0.025	0.075	4.8604e+08
370	0.35	0.025	0.1	4.9184e+08
371	0.35	0.05	0.	5.4613e+08
372	0.35	0.05	0.025	5.4637e+08
373	0.35	0.05	0.05	5.5234e+08
374	0.35	0.05	0.075	5.4718e+08
375	0.35	0.05	0.1	5.4756e+08
376	0.375	-0.05	0.	3.1902e+08
377	0.375	-0.05	0.025	3.1914e+08
378	0.375	-0.05	0.05	3.2081e+08
379	0.375	-0.05	0.075	3.1718e+08
380	0.375	-0.05	0.1	3.1914e+08
381	0.375	-0.025	0.	3.7837e+08
382	0.375	-0.025	0.025	3.8056e+08
383	0.375	-0.025	0.05	3.7269e+08
384	0.375	-0.025	0.075	3.7650e+08
385	0.375	-0.025	0.1	3.7532e+08
386	0.375	0.	0.	4.3174e+08
387	0.375	0.	0.025	4.2995e+08
388	0.375	0.	0.05	4.3396e+08
389	0.375	0.	0.075	4.3383e+08
390	0.375	0.	0.1	4.3854e+08
391	0.375	0.025	0.	4.8438e+08
392	0.375	0.025	0.025	4.8313e+08
393	0.375	0.025	0.05	4.9427e+08
394	0.375	0.025	0.075	4.8810e+08
395	0.375	0.025	0.1	4.8691e+08
396	0.375	0.05	0.	5.4511e+08
397	0.375	0.05	0.025	5.3994e+08
398	0.375	0.05	0.05	5.4573e+08
399	0.375	0.05	0.075	5.4424e+08
400	0.375	0.05	0.1	5.4801e+08
401	0.4	-0.05	0.	3.2567e+08
402	0.4	-0.05	0.025	3.2583e+08
403	0.4	-0.05	0.05	3.2437e+08
404	0.4	-0.05	0.075	3.2712e+08
405	0.4	-0.05	0.1	3.2512e+08
406	0.4	-0.025	0.	3.7679e+08
407	0.4	-0.025	0.025	3.7616e+08
408	0.4	-0.025	0.05	3.7642e+08
409	0.4	-0.025	0.075	3.7934e+08
410	0.4	-0.025	0.1	3.7498e+08
411	0.4	0.	0.	4.3240e+08
412	0.4	0.	0.025	4.2984e+08
413	0.4	0.	0.05	4.2875e+08
414	0.4	0.	0.075	4.2917e+08
415	0.4	0.	0.1	4.3194e+08
416	0.4	0.025	0.	4.8823e+08
417	0.4	0.025	0.025	4.8403e+08
418	0.4	0.025	0.05	4.7995e+08
419	0.4	0.025	0.075	4.9520e+08
420	0.4	0.025	0.1	4.8926e+08
421	0.4	0.05	0.	5.4302e+08
422	0.4	0.05	0.025	5.4527e+08
423	0.4	0.05	0.05	5.4030e+08
424	0.4	0.05	0.075	5.3956e+08
425	0.4	0.05	0.1	5.4439e+08
426	0.425	-0.05	0.	3.3116e+08
427	0.425	-0.05	0.025	3.2971e+08
428	0.425	-0.05	0.05	3.3024e+08
429	0.425	-0.05	0.075	3.2606e+08
430	0.425	-0.05	0.1	3.2799e+08
431	0.425	-0.025	0.	3.8414e+08
432	0.425	-0.025	0.025	3.8209e+08
433	0.425	-0.025	0.05	3.7691e+08
434	0.425	-0.025	0.075	3.7904e+08
435	0.425	-0.025	0.1	3.8377e+08
436	0.425	0.	0.	4.3318e+08
437	0.425	0.	0.025	4.3247e+08
438	0.425	0.	0.05	4.3255e+08
439	0.425	0.	0.075	4.3178e+08
440	0.425	0.	0.1	4.3064e+08
441	0.425	0.025	0.	4.8133e+08
442	0.425	0.025	0.025	4.8668e+08
443	0.425	0.025	0.05	4.8444e+08
444	0.425	0.025	0.075	4.8580e+08
445	0.425	0.025	0.1	4.8534e+08
446	0.425	0.05	0.	5.4003e+08
447	0.425	0.05	0.025	5.3696e+08
448	0.425	0.05	0.05	5.3815e+08
449	0.425	0.05	0.075	5.3604e+08
450	0.425	0.05	0.1	5.3246e+08
451	0.45	-0.05	0.	3.3255e+08
452	0.45	-0.05	0.025	3.3418e+08
453	0.45	-0.05	0.05	3.3435e+08
454	0.45	-0.05	0.075	3.3590e+08
455	0.45	-0.05	0.1	3.3208e+08
456	0.45	-0.025	0.	3.8302e+08
457	0.45	-0.025	0.025	3.8220e+08
458	0.45	-0.025	0.05	3.8623e+08
459	0.45	-0.025	0.075	3.8336e+08
460	0.45	-0.025	0.1	3.8341e+08
461	0.45	0.	0.	4.3191e+08
462	0.45	0.	0.025	4.3142e+08
463	0.45	0.	0.05	4.2825e+08
464	0.45	0.	0.075	4.2873e+08
465	0.45	0.	0.1	4.3246e+08
466	0.45	0.025	0.	4.8166e+08
467	0.45	0.025	0.025	4.8203e+08
468	0.45	0.025	0.05	4.8422e+08
469	0.45	0.025	0.075	4.8177e+08
470	0.45	0.025	0.1	4.8049e+08
471	0.45	0.05	0.	5.3033e+08
472	0.45	0.05	0.025	5.3178e+08
473	0.45	0.05	0.05	5.2979e+08
474	0.45	0.05	0.075	5.3439e+08
475	0.45	0.05	0.1	5.3096e+08
476	0.475	-0.05	0.	3.3801e+08
477	0.475	-0.05	0.025	3.3585e+08
478	0.475	-0.05	0.05	3.3966e+08
479	0.475	-0.05	0.075	3.4041e+08
480	0.475	-0.05	0.1	3.3474e+08
481	0.475	-0.025	0.	3.8568e+08
482	0.475	-0.025	0.025	3.8450e+08
483	0.475	-0.025	0.05	3.8541e+08
484	0.475	-0.025	0.075	3.8579e+08
485	0.475	-0.025	0.1	3.7959e+08
486	0.475	0.	0.	4.3397e+08
487	0.475	0.	0.025	4.3488e+08
488	0.475	0.	0.05	4.3517e+08
489	0.475	0.	0.075	4.2955e+08
490	0.475	0.	0.1	4.3192e+08
491	0.475	0.025	0.	4.7770e+08
492	0.475	0.025	0.025	4.7374e+08
493	0.475	0.025	0.05	4.7747e+08
494	0.475	0.025	0.075	4.7613e+08
495	0.475	0.025	0.1	4.8021e+08
496	0.475	0.05	0.	5.2135e+08
497	0.475	0.05	0.025	5.2341e+08
498	0.475	0.05	0.05	5.2486e+08
499	0.475	0.05	0.075	5.2893e+08
500	0.475	0.05	0.1	5.3527e+08
501	0.5	-0.05	0.	3.4262e+08
502	0.5	-0.05	0.025	3.3988e+08
503	0.5	-0.05	0.05	3.4061e+08
504	0.5	-0.05	0.075	3.4335e+08
505	0.5	-0.05	0.1	3.3924e+08
506	0.5	-0.025	0.	3.8955e+08
507	0.5	-0.025	0.025	3.8763e+08
508	0.5	-0.025	0.05	3.8671e+08
509	0.5	-0.025	0.075	3.8309e+08
510	0.5	-0.025	0.1	3.8914e+08
511	0.5	0.	0.	4.3003e+08
512	0.5	0.	0.025	4.3240e+08
513	0.5	0.	0.05	4.3159e+08
514	0.5	0.	0.075	4.2789e+08
515	0.5	0.	0.1	4.3140e+08
516	0.5	0.025	0.	4.7354e+08
517	0.5	0.025	0.025	4.7513e+08
518	0.5	0.025	0.05	4.7824e+08
519	0.5	0.025	0.075	4.7901e+08
520	0.5	0.025	0.1	4.7695e+08
521	0.5	0.05	0.	5.1923e+08
522	0.5	0.05	0.025	5.1997e+08
523	0.5	0.05	0.05	5.1992e+08
524	0.5	0.05	0.075	5.1531e+08
525	0.5	0.05	0.1	5.2223e+08
526	0.525	-0.05	0.	3.4304e+08
527	0.525	-0.05	0.025	3.4666e+08
528	0.525	-0.05	0.05	3.4347e+08
529	0.525	-0.05	0.075	3.4399e+08
530	0.525	-0.05	0.1	3.4789e+08
531	0.525	-0.025	0.	3.8931e+08
532	0.525	-0.025	0.025	3.8485e+08
533	0.525	-0.025	0.05	3.8794e+08
534	0.525	-0.025	0.075	3.8986e+08
535	0.525	-0.025	0.1	3.8780e+08
536	0.525	0.	0.	4.3111e+08
537	0.525	0.	0.025	4.3263e+08
538	0.525	0.	0.05	4.3212e+08
539	0.525	0.	0.075	4.2943e+08
540	0.525	0.	0.1	4.3206e+08
541	0.525	0.025	0.	4.7393e+08
542	0.525	0.025	0.025	4.7966e+08
543	0.525	0.025	0.05	4.7446e+08
544	0.525	0.025	0.075	4.7513e+08
545	0.525	0.025	0.1	4.7549e+08
546	0.525	0.05	0.	5.1650e+08
547	0.525	0.05	0.025	5.1526e+08
548	0.525	0.05	0.05	5.1893e+08
549	0.525	0.05	0.075	5.1895e+08
550	0.525	0.05	0.1	5.2397e+08
551	0.55	-0.05	0.	3.5256e+08
552	0.55	-0.05	0.025	3.5260e+08
553	0.55	-0.05	0.05	3.5251e+08
554	0.55	-0.05	0.075	3.4955e+08
555	0.55	-0.05	0.1	3.4835e+08
556	0.55	-0.025	0.	3.8914e+08
557	0.55	-0.025	0.025	3.9312e+08
558	0.55	-0.025	0.05	3.9484e+08
559	0.55	-0.025	0.075	3.9322e+08
560	0.55	-0.025	0.1	3.9111e+08
561	0.55	0.	0.	4.3635e+08
562	0.55	0.	0.025	4.3085e+08
563	0.55	0.	0.05	4.2902e+08
564	0.55	0.	0.075	4.3266e+08
565	0.55	0.	0.1	4.3535e+08
566	0.55	0.025	0.	4.7011e+08
567	0.55	0.025	0.025	4.6767e+08
568	0.55	0.025	0.05	4.7261e+08
569	0.55	0.025	0.075	4.7469e+08
570	0.55	0.025	0.1	4.6410e+08
571	0.55	0.05	0.	5.1601e+08
572	0.55	0.05	0.025	5.0879e+08
573	0.55	0.05	0.05	5.1523e+08
574	0.55	0.05	0.075	5.0685e+08
575	0.55	0.05	0.1	5.0846e+08
576	0.575	-0.05	0.	3.5682e+08
577	0.575	-0.05	0.025	3.5809e+08
578	0.575	-0.05	0.05	3.5548e+08
579	0.575	-0.05	0.075	3.6061e+08
580	0.575	-0.05	0.1	3.5332e+08
581	0.575	-0.025	0.	3.9130e+08
582	0.575	-0.025	0.025	3.9304e+08
583	0.575	-0.025	0.05	3.9292e+08
584	0.575	-0.025	0.075	3.9442e+08
585	0.575	-0.025	0.1	3.9200e+08
586	0.575	0.	0.	4.3347e+08
587	0.575	0.	0.025	4.3341e+08
588	0.575	0.	0.05	4.3618e+08
589	0.575	0.	0.075	4.3073e+08
590	0.575	0.	0.1	4.3287e+08
591	0.575	0.025	0.	4.7196e+08
592	0.575	0.025	0.025	4.7023e+08
593	0.575	0.025	0.05	4.6965e+08
594	0.575	0.025	0.075	4.6443e+08
595	0.575	0.025	0.1	4.7049e+08
596	0.575	0.05	0.	5.1032e+08
597	0.575	0.05	0.025	5.0832e+08
598	0.575	0.05	0.05	5.0611e+08
599	0.575	0.05	0.075	5.0338e+08
600	0.575	0.05	0.1	5.0988e+08
601	0.6	-0.05	0.	3.6007e+08
602	0.6	-0.05	0.025	3.6300e+08
603	0.6	-0.05	0.05	3.5687e+08
604	0.6	-0.05	0.075	3.5898e+08
605	0.6	-0.05	0.1	3.5715e+08
606	0.6	-0.025	0.	3.9844e+08
607	0.6	-0.025	0.025	3.9894e+08
608	0.6	-0.025	0.05	4.0057e+08
609	0.6	-0.025	0.075	3.9724e+08
610	0.6	-0.025	0.1	3.9788e+08
611	0.6	0.	0.	4.3313e+08
612	0.6	0.	0.025	4.3349e+08
613	0.6	0.	0.05	4.3213e+08
614	0.6	0.	0.075	4.3360e+08
615	0.6	0.	0.1	4.3755e+08
616	0.6	0.025	0.	4.6861e+08
617	0.6	0.025	0.025	4.6807e+08
618	0.6	0.025	0.05	4.6856e+08
619	0.6	0.025	0.075	4.6758e+08
620	0.6	0.025	0.1	4.6869e+08
621	0.6	0.05	0.	5.0345e+08
622	0.6	0.05	0.025	5.0746e+08
623	0.6	0.05	0.05	5.0716e+08
624	0.6	0.05	0.075	5.1055e+08
625	0.6	0.05	0.1	5.0393e+08
626	0.625	-0.05	0.	3.6513e+08
627	0.625	-0.05	0.025	3.6504e+08
628	0.625	-0.05	0.05	3.6494e+08
629	0.625	-0.05	0.075	3.6697e+08
630	0.625	-0.05	0.1	3.6095e+08
631	0.625	-0.025	0.	3.9935e+08
632	0.625	-0.025	0.025	4.0302e+08
633	0.625	-0.025	0.05	4.0151e+08
634	0.625	-0.025	0.075	4.0123e+08
635	0.625	-0.025	0.1	4.0026e+08
636	0.625	0.	0.	4.3046e+08
637	0.625	0.	0.025	4.3006e+08
638	0.625	0.	0.05	4.3008e+08
639	0.625	0.	0.075	4.2905e+08
640	0.625	0.	0.1	4.3445e+08
641	0.625	0.025	0.	4.6985e+08
642	0.625	0.025	0.025	4.6696e+08
643	0.625	0.025	0.05	4.6800e+08
644	0.625	0.025	0.075	4.6657e+08
645	0.625	0.025	0.1	4.6734e+08
646	0.625	0.05	0.	4.9316e+08
647	0.625	0.05	0.025	5.0044e+08
648	0.625	0.05	0.05	4.9822e+08
649	0.625	0.05	0.075	4.9938e+08
650	0.625	0.05	0.1	5.0018e+08
651	0.65	-0.05	0.	3.6742e+08
652	0.65	-0.05	0.025	3.6662e+08
653	0.65	-0.05	0.05	3.6735e+08
654	0.65	-0.05	0.075	3.6579e+08
655	0.65	-0.05	0.1	3.6644e+08
656	0.65	-0.025	0.	3.9805e+08
657	0.65	-0.025	0.025	3.9705e+08
658	0.65	-0.025	0.05	4.0177e+08
659	0.65	-0.025	0.075	3.9834e+08
660	0.65	-0.025	0.1	3.9602e+08
661	0.65	0.	0.	4.3096e+08
662	0.65	0.	0.025	4.2911e+08
663	0.65	0.	0.05	4.3578e+08
664	0.65	0.	0.075	4.3234e+08
665	0.65	0.	0.1	4.2819e+08
666	0.65	0.025	0.	4.6508e+08
667	0.65	0.025	0.025	4.6374e+08
668	0.65	0.025	0.05	4.6284e+08
669	0.65	0.025	0.075	4.6788e+08
670	0.65	0.025	0.1	4.6079e+08
671	0.65	0.05	0.	4.9807e+08
672	0.65	0.05	0.025	4.9378e+08
673	0.65	0.05	0.05	4.9495e+08
674	0.65	0.05	0.075	4.9277e+08
675	0.65	0.05	0.1	4.9296e+08
676	0.675	-0.05	0.	3.7252e+08
677	0.675	-0.05	0.025	3.6924e+08
678	0.675	-0.05	0.05	3.7428e+08
679	0.675	-0.05	0.075	3.7376e+08
680	0.675	-0.05	0.1	3.7014e+08
681	0.675	-0.025	0.	4.0434e+08
682	0.675	-0.025	0.025	4.0627e+08
683	0.675	-0.025	0.05	4.0114e+08
684	0.675	-0.025	0.075	4.0085e+08
685	0.675	-0.025	0.1	4.0544e+08
686	0.675	0.	0.	4.3305e+08
687	0.675	0.	0.025	4.3165e+08
688	0.675	0.	0.05	4.3411e+08
689	0.675	0.	0.075	4.3271e+08
690	0.675	0.	0.1	4.3570e+08
691	0.675	0.025	0.	4.6120e+08
692	0.675	0.025	0.025	4.6243e+08
693	0.675	0.025	0.05	4.6429e+08
694	0.675	0.025	0.075	4.5448e+08
695	0.675	0.025	0.1	4.6439e+08
696	0.675	0.05	0.	4.8901e+08
697	0.675	0.05	0.025	4.9197e+08
698	0.675	0.05	0.05	4.9540e+08
699	0.675	0.05	0.075	4.8960e+08
700	0.675	0.05	0.1	4.8916e+08
701	0.7	-0.05	0.	3.7788e+08
702	0.7	-0.05	0.025	3.7471e+08
703	0.7	-0.05	0.05	3.8299e+08
704	0.7	-0.05	0.075	3.7790e+08
705	0.7	-0.05	0.1	3.8173e+08
706	0.7	-0.025	0.	4.0419e+08
707	0.7	-0.025	0.025	4.0508e+08
708	0.7	-0.025	0.05	4.0729e+08
709	0.7	-0.025	0.075	4.0232e+08
710	0.7	-0.025	0.1	4.0475e+08
711	0.7	0.	0.	4.3435e+08
712	0.7	0.	0.025	4.3145e+08
713	0.7	0.	0.05	4.3075e+08
714	0.7	0.	0.075	4.3489e+08
715	0.7	0.	0.1	4.3563e+08
716	0.7	0.025	0.	4.6330e+08
717	0.7	0.025	0.025	4.5714e+08
718	0.7	0.025	0.05	4.5740e+08
719	0.7	0.025	0.075	4.5770e+08
720	0.7	0.025	0.1	4.6098e+08
721	0.7	0.05	0.	4.8251e+08
722	0.7	0.05	0.025	4.8267e+08
723	0.7	0.05	0.05	4.8392e+08
724	0.7	0.05	0.075	4.8326e+08
725	0.7	0.05	0.1	4.8858e+08
726	0.725	-0.05	0.	3.8437e+08
727	0.725	-0.05	0.025	3.8139e+08
728	0.725	-0.05	0.05	3.8206e+08
729	0.725	-0.05	0.075	3.7667e+08
730	0.725	-0.05	0.1	3.8145e+08
731	0.725	-0.025	0.	4.1029e+08
732	0.725	-0.025	0.025	4.0600e+08
733	0.725	-0.025	0.05	4.0458e+08
734	0.725	-0.025	0.075	4.1061e+08
735	0.725	-0.025	0.1	4.0453e+08
736	0.725	0.	0.	4.3601e+08
737	0.725	0.	0.025	4.3949e+08
738	0.725	0.	0.05	4.3172e+08
739	0.725	0.	0.075	4.3522e+08
740	0.725	0.	0.1	4.2767e+08
741	0.725	0.025	0.	4.5206e+08
742	0.725	0.025	0.025	4.5457e+08
743	0.725	0.025	0.05	4.5900e+08
744	0.725	0.025	0.075	4.5675e+08
745	0.725	0.025	0.1	4.5624e+08
746	0.725	0.05	0.	4.7777e+08
747	0.725	0.05	0.025	4.8113e+08
748	0.725	0.05	0.05	4.7964e+08
749	0.725	0.05	0.075	4.7883e+08
750	0.725	0.05	0.1	4.7859e+08
751	0.75	-0.05	0.	3.8745e+08
752	0.75	-0.05	0.025	3.8533e+08
753	0.75	-0.05	0.05	3.8698e+08
754	0.75	-0.05	0.075	3.8289e+08
755	0.75	-0.05	0.1	3.8817e+08
756	0.75	-0.025	0.	4.1009e+08
757	0.75	-0.025	0.025	4.0893e+08
758	0.75	-0.025	0.05	4.0990e+08
759	0.75	-0.025	0.075	4.1180e+08
760	0.75	-0.025	0.1	4.0594e+08
761	0.75	0.	0.	4.3217e+08
762	0.75	0.	0.025	4.2862e+08
763	0.75	0.	0.05	4.3223e+08
764	0.75	0.	0.075	4.3133e+08
765	0.75	0.	0.1	4.3194e+08
766	0.75	0.025	0.	4.5681e+08
767	0.75	0.025	0.025	4.5673e+08
768	0.75	0.025	0.05	4.5746e+08
769	0.75	0.025	0.075	4.5342e+08
770	0.75	0.025	0.1	4.5642e+08
771	0.75	0.05	0.	4.7845e+08
772	0.75	0.05	0.025	4.7594e+08
773	0.75	0.05	0.05	4.7734e+08
774	0.75	0.05	0.075	4.7662e+08
775	0.75	0.05	0.1	4.8099e+08
776	0.775	-0.05	0.	3.9340e+08
777	0.775	-0.05	0.025	3.9071e+08
778	0.775	-0.05	0.05	3.9055e+08
779	0.775	-0.05	0.075	3.9375e+08
780	0.775	-0.05	0.1	3.9465e+08
781	0.775	-0.025	0.	4.1253e+08
782	0.775	-0.025	0.025	4.1338e+08
783	0.775	-0.025	0.05	4.1497e+08
784	0.775	-0.025	0.075	4.1132e+08
785	0.775	-0.025	0.1	4.1196e+08
786	0.775	0.	0.	4.3326e+08
787	0.775	0.	0.025	4.3089e+08
788	0.775	0.	0.05	4.3640e+08
789	0.775	0.	0.075	4.3086e+08
790	0.775	0.	0.1	4.3216e+08
791	0.775	0.025	0.	4.5745e+08
792	0.775	0.025	0.025	4.4720e+08
793	0.775	0.025	0.05	4.5284e+08
794	0.775	0.025	0.075	4.5046e+08
795	0.775	0.025	0.1	4.5225e+08
796	0.775	0.05	0.	4.6908e+08
797	0.775	0.05	0.025	4.7145e+08
798	0.775	0.05	0.05	4.7257e+08
799	0.775	0.05	0.075	4.7318e+08
800	0.775	0.05	0.1	4.7504e+08
801	0.8	-0.05	0.	3.9048e+08
802	0.8	-0.05	0.025	3.9570e+08
803	0.8	-0.05	0.05	3.9558e+08
804	0.8	-0.05	0.075	3.9585e+08
805	0.8	-0.05	0.1	3.9608e+08
806	0.8	-0.025	0.	4.1194e+08
807	0.8	-0.025	0.025	4.1016e+08
808	0.8	-0.025	0.05	4.1454e+08
809	0.8	-0.025	0.075	4.1153e+08
810	0.8	-0.025	0.1	4.1500e+08
811	0.8	0.	0.	4.2957e+08
812	0.8	0.	0.025	4.3380e+08
813	0.8	0.	0.05	4.3186e+08
814	0.8	0.	0.075	4.3204e+08
815	0.8	0.	0.1	4.3136e+08
816	0.8	0.025	0.	4.4890e+08
817	0.8	0.025	0.025	4.4937e+08
818	0.8	0.025	0.05	4.5319e+08
819	0.8	0.025	0.075	4.4586e+08
820	0.8	0.025	0.1	4.4825e+08
821	0.8	0.05	0.	4.7097e+08
822	0.8	0.05	0.025	4.7030e+08
823	0.8	0.05	0.05	4.7177e+08
824	0.8	0.05	0.075	4.6783e+08
825	0.8	0.05	0.1	4.6430e+08
826	0.825	-0.05	0.	3.9784e+08
827	0.825	-0.05	0.025	3.9978e+08
828	0.825	-0.05	0.05	4.0233e+08
829	0.825	-0.05	0.075	3.9989e+08
830	0.825	-0.05	0.1	3.9970e+08
831	0.825	-0.025	0.	4.1724e+08
832	0.825	-0.025	0.025	4.1632e+08
833	0.825	-0.025	0.05	4.1515e+08
834	0.825	-0.025	0.075	4.1375e+08
835	0.825	-0.025	0.1	4.1862e+08
836	0.825	0.	0.	4.3472e+08
837	0.825	0.	0.025	4.2926e+08
838	0.825	0.	0.05	4.3096e+08
839	0.825	0.	0.075	4.3373e+08
840	0.825	0.	0.1	4.2905e+08
841	0.825	0.025	0.	4.4873e+08
842	0.825	0.025	0.025	4.4687e+08
843	0.825	0.025	0.05	4.4448e+08
844	0.825	0.025	0.075	4.5252e+08
845	0.825	0.025	0.1	4.4683e+08
846	0.825	0.05	0.	4.6496e+08
847	0.825	0.05	0.025	4.6038e+08
848	0.825	0.05	0.05	4.6782e+08
849	0.825	0.05	0.075	4.6892e+08
850	0.825	0.05	0.1	4.5932e+08
851	0.85	-0.05	0.	4.0460e+08
852	0.85	-0.05	0.025	4.0823e+08
853	0.85	-0.05	0.05	4.0386e+08
854	0.85	-0.05	0.075	4.0599e+08
855	0.85	-0.05	0.1	4.0092e+08
856	0.85	-0.025	0.	4.1652e+08
857	0.85	-0.025	0.025	4.1927e+08
858	0.85	-0.025	0.05	4.1702e+08
859	0.85	-0.025	0.075	4.1759e+08
860	0.85	-0.025	0.1	4.1469e+08
861	0.85	0.	0.	4.3370e+08
862	0.85	0.	0.025	4.2853e+08
863	0.85	0.	0.05	4.3599e+08
864	0.85	0.	0.075	4.3023e+08
865	0.85	0.	0.1	4.3408e+08
866	0.85	0.025	0.	4.4738e+08
867	0.85	0.025	0.025	4.4287e+08
868	0.85	0.025	0.05	4.4396e+08
869	0.85	0.025	0.075	4.4428e+08
870	0.85	0.025	0.1	4.4446e+08
871	0.85	0.05	0.	4.5543e+08
872	0.85	0.05	0.025	4.6047e+08
873	0.85	0.05	0.05	4.5710e+08
874	0.85	0.05	0.075	4.5869e+08
875	0.85	0.05	0.1	4.6177e+08
876	0.875	-0.05	0.	4.1090e+08
877	0.875	-0.05	0.025	4.0797e+08
878	0.875	-0.05	0.05	4.1206e+08
879	0.875	-0.05	0.075	4.1114e+08
880	0.875	-0.05	0.1	4.0777e+08
881	0.875	-0.025	0.	4.1945e+08
882	0.875	-0.025	0.025	4.2328e+08
883	0.875	-0.025	0.05	4.2272e+08
884	0.875	-0.025	0.075	4.1696e+08
885	0.875	-0.025	0.1	4.1821e+08
886	0.875	0.	0.	4.3380e+08
887	0.875	0.	0.025	4.2896e+08
888	0.875	0.	0.05	4.3409e+08
889	0.875	0.	0.075	4.3702e+08
890	0.875	0.	0.1	4.3297e+08
891	0.875	0.025	0.	4.4080e+08
892	0.875	0.025	0.025	4.4372e+08
893	0.875	0.025	0.05	4.4600e+08
894	0.875	0.025	0.075	4.4351e+08
895	0.875	0.025	0.1	4.4454e+08
896	0.875	0.05	0.	4.5232e+08
897	0.875	0.05	0.025	4.5253e+08
898	0.875	0.05	0.05	4.5697e+08
899	0.875	0.05	0.075	4.5256e+08
900	0.875	0.05	0.1	4.4745e+08
901	0.9	-0.05	0.	4.1324e+08
902	0.9	-0.05	0.025	4.1478e+08
903	0.9	-0.05	0.05	4.1663e+08
904	0.9	-0.05	0.075	4.1809e+08
905	0.9	-0.05	0.1	4.1421e+08
906	0.9	-0.025	0.	4.2467e+08
907	0.9	-0.025	0.025	4.2331e+08
908	0.9	-0.025	0.05	4.2390e+08
909	0.9	-0.025	0.075	4.2253e+08
910	0.9	-0.025	0.1	4.2398e+08
911	0.9	0.	0.	4.3011e+08
912	0.9	0.	0.025	4.3713e+08
913	0.9	0.	0.05	4.2580e+08
914	0.9	0.	0.075	4.3348e+08
915	0.9	0.	0.1	4.3283e+08
916	0.9	0.025	0.	4.4198e+08
917	0.9	0.025	0.025	4.3787e+08
918	0.9	0.025	0.05	4.3656e+08
919	0.9	0.025	0.075	4.4260e+08
920	0.9	0.025	0.1	4.4455e+08
921	0.9	0.05	0.	4.5059e+08
922	0.9	0.05	0.025	4.5217e+08
923	0.9	0.05	0.05	4.4876e+08
924	0.9	0.05	0.075	4.5090e+08
925	0.9	0.05	0.1	4.5331e+08
926	0.925	-0.05	0.	4.1771e+08
927	0.925	-0.05	0.025	4.2148e+08
928	0.925	-0.05	0.05	4.1440e+08
929	0.925	-0.05	0.075	4.1696e+08
930	0.925	-0.05	0.1	4.1987e+08
931	0.925	-0.025	0.	4.3011e+08
932	0.925	-0.025	0.025	4.2529e+08
933	0.925	-0.025	0.05	4.2261e+08
934	0.925	-0.025	0.075	4.3005e+08
935	0.925	-0.025	0.1	4.2493e+08
936	0.925	0.	0.	4.3372e+08
937	0.925	0.	0.025	4.3113e+08
938	0.925	0.	0.05	4.3237e+08
939	0.925	0.	0.075	4.3054e+08
940	0.925	0.	0.1	4.3785e+08
941	0.925	0.025	0.	4.4189e+08
942	0.925	0.025	0.025	4.4340e+08
943	0.925	0.025	0.05	4.3667e+08
944	0.925	0.025	0.075	4.3395e+08
945	0.925	0.025	0.1	4.3798e+08
946	0.925	0.05	0.	4.5223e+08
947	0.925	0.05	0.025	4.4464e+08
948	0.925	0.05	0.05	4.4831e+08
949	0.925	0.05	0.075	4.4276e+08
950	0.925	0.05	0.1	4.4328e+08
951	0.95	-0.05	0.	4.2280e+08
952	0.95	-0.05	0.025	4.2835e+08
953	0.95	-0.05	0.05	4.2579e+08
954	0.95	-0.05	0.075	4.1779e+08
955	0.95	-0.05	0.1	4.2469e+08
956	0.95	-0.025	0.	4.2455e+08
957	0.95	-0.025	0.025	4.2575e+08
958	0.95	-0.025	0.05	4.2881e+08
959	0.95	-0.025	0.075	4.3109e+08
960	0.95	-0.025	0.1	4.3096e+08
961	0.95	0.	0.	4.3286e+08
962	0.95	0.	0.025	4.3290e+08
963	0.95	0.	0.05	4.3549e+08
964	0.95	0.	0.075	4.2792e+08
965	0.95	0.	0.1	4.3674e+08
966	0.95	0.025	0.	4.3457e+08
967	0.95	0.025	0.025	4.3718e+08
968	0.95	0.025	0.05	4.3520e+08
969	0.95	0.025	0.075	4.3347e+08
970	0.95	0.025	0.1	4.3771e+08
971	0.95	0.05	0.	4.4163e+08
972	0.95	0.05	0.025	4.4072e+08
973	0.95	0.05	0.05	4.4060e+08
974	0.95	0.05	0.075	4.4504e+08
975	0.95	0.05	0.1	4.4680e+08
976	0.975	-0.05	0.	4.3071e+08
977	0.975	-0.05	0.025	4.2821e+08
978	0.975	-0.05	0.05	4.2330e+08
979	0.975	-0.05	0.075	4.2911e+08
980	0.975	-0.05	0.1	4.2922e+08
981	0.975	-0.025	0.	4.3174e+08
982	0.975	-0.025	0.025	4.2681e+08
983	0.975	-0.025	0.05	4.3194e+08
984	0.975	-0.025	0.075	4.3378e+08
985	0.975	-0.025	0.1	4.2722e+08
986	0.975	0.	0.	4.3377e+08
987	0.975	0.	0.025	4.2990e+08
988	0.975	0.	0.05	4.3173e+08
989	0.975	0.	0.075	4.2954e+08
990	0.975	0.	0.1	4.3109e+08
991	0.975	0.025	0.	4.3336e+08
992	0.975	0.025	0.025	4.3532e+08
993	0.975	0.025	0.05	4.3657e+08
994	0.975	0.025	0.075	4.3742e+08
995	0.975	0.025	0.1	4.3255e+08
996	0.975	0.05	0.	4.3744e+08
997	0.975	0.05	0.025	4.3362e+08
998	0.975	0.05	0.05	4.3621e+08
999	0.975	0.05	0.075	4.3661e+08
1000	0.975	0.05	0.1	4.3408e+08
1001	1	-0.05	0.	4.3345e+08
1002	1	-0.05	0.025	4.3160e+08
1003	1	-0.05	0.05	4.3240e+08
1004	1	-0.05	0.075	4.3517e+08
1005	1	-0.05	0.1	4.3089e+08
1006	1	-0.025	0.	4.3420e+08
1007	1	-0.025	0.025	4.3574e+08
1008	1	-0.025	0.05	4.3558e+08
1009	1	-0.025	0.075	4.3151e+08
1010	1	-0.025	0.1	4.2948e+08
1011	1	0.	0.	4.3016e+08
1012	1	0.	0.025	4.2789e+08
1013	1	0.	0.05	4.3378e+08
1014	1	0.	0.075	4.3394e+08
1015	1	0.	0.1	4.3230e+08
1016	1	0.025	0.	4.2843e+08
1017	1	0.025	0.025	4.3105e+08
1018	1	0.025	0.05	4.3558e+08
1019	1	0.025	0.075	4.3358e+08
1020	1	0.025	0.1	4.3403e+08
1021	1	0.05	0.	4.4057e+08
1022	1	0.05	0.025	4.3285e+08
1023	1	0.05	0.05	4.2640e+08
1024	1	0.05	0.075	4.2915e+08
1025	1	0.05	0.1	4.3279e+08
