Node Number	X Location (m)	Y Location (m)	Z Location (m)	Equivalent (von-Mises) Stress (Pa)
1	0.	-0.05	0.	1.9142e+08
2	0.	-0.05	0.025	1.9253e+08
3	0.	-0.05	0.05	1.9087e+08
4	0.	-0.05	0.075	1.9309e+08
5	0.	-0.05	0.1	1.9228e+08
6	0.	-0.025	0.	3.0963e+08
7	0.	-0.025	0.025	3.1316e+08
8	0.	-0.025	0.05	3.1301e+08
9	0.	-0.025	0.075	3.1031e+08
10	0.	-0.025	0.1	3.1103e+08
11	0.	0.	0.	4.3390e+08
12	0.	0.	0.025	4.3590e+08
13	0.	0.	0.05	4.3163e+08
14	0.	0.	0.075	4.3534e+08
15	0.	0.	0.1	4.3616e+08
16	0.	0.025	0.	5.5781e+08
17	0.	0.025	0.025	5.5390e+08
18	0.	0.025	0.05	5.4807e+08
19	0.	0.025	0.075	5.5599e+08
20	0.	0.025	0.1	5.5121e+08
21	0.	0.05	0.	6.7472e+08
22	0.	0.05	0.025	6.6862e+08
23	0.	0.05	0.05	6.6877e+08
24	0.	0.05	0.075	6.6823e+08
25	0.	0.05	0.1	6.6488e+08
26	0.025	-0.05	0.	1.9707e+08
27	0.025	-0.05	0.025	1.9636e+08
28	0.025	-0.05	0.05	1.9890e+08
29	0.025	-0.05	0.075	1.9631e+08
30	0.025	-0.05	0.1	1.9694e+08
31	0.025	-0.025	0.	3.1510e+08
32	0.025	-0.025	0.025	3.1967e+08
33	0.025	-0.025	0.05	3.1335e+08
34	0.025	-0.025	0.075	3.1161e+08
35	0.025	-0.025	0.1	3.1179e+08
36	0.025	0.	0.	4.2915e+08
37	0.025	0.	0.025	4.2985e+08
38	0.025	0.	0.05	4.4009e+08
39	0.025	0.	0.075	4.3547e+08
40	0.025	0.	0.1	4.3104e+08
41	0.025	0.025	0.	5.5719e+08
42	0.025	0.025	0.025	5.4636e+08
43	0.025	0.025	0.05	5.4725e+08
44	0.025	0.025	0.075	5.4699e+08
45	0.025	0.025	0.1	5.5357e+08
46	0.025	0.05	0.	6.6563e+08
47	0.025	0.05	0.025	6.7403e+08
48	0.025	0.05	0.05	6.6831e+08
49	0.025	0.05	0.075	6.7084e+08
50	0.025	0.05	0.1	6.5632e+08
51	0.05	-0.05	0.	2.0123e+08
52	0.05	-0.05	0.025	2.0128e+08
53	0.05	-0.05	0.05	2.0330e+08
54	0.05	-0.05	0.075	2.0149e+08
55	0.05	-0.05	0.1	2.0602e+08
56	0.05	-0.025	0.	3.1759e+08
57	0.05	-0.025	0.025	3.1966e+08
58	0.05	-0.025	0.05	3.1684e+08
59	0.05	-0.025	0.075	3.2019e+08
60	0.05	-0.025	0.1	3.1309e+08
61	0.05	0.	0.	4.3196e+08
62	0.05	0.	0.025	4.3386e+08
63	0.05	0.	0.05	4.3415e+08
64	0.05	0.	0.075	4.3103e+08
65	0.05	0.	0.1	4.2621e+08
66	0.05	0.025	0.	5.5047e+08
67	0.05	0.025	0.025	5.4434e+08
68	0.05	0.025	0.05	5.4472e+08
69	0.05	0.025	0.075	5.5575e+08
70	0.05	0.025	0.1	5.4648e+08
71	0.05	0.05	0.	6.5726e+08
72	0.05	0.05	0.025	6.5694e+08
73	0.05	0.05	0.05	6.6341e+08
74	0.05	0.05	0.075	6.5567e+08
75	0.05	0.05	0.1	6.6270e+08
76	0.075	-0.05	0.	2.1185e+08
77	0.075	-0.05	0.025	2.0985e+08
78	0.075	-0.05	0.05	2.1166e+08
79	0.075	-0.05	0.075	2.0988e+08
80	0.075	-0.05	0.1	2.0885e+08
81	0.075	-0.025	0.	3.1682e+08
82	0.075	-0.025	0.025	3.2180e+08
83	0.075	-0.025	0.05	3.2186e+08
84	0.075	-0.025	0.075	3.2362e+08
85	0.075	-0.025	0.1	3.2337e+08
86	0.075	0.	0.	4.3927e+08
87	0.075	0.	0.025	4.3012e+08
88	0.075	0.	0.05	4.3336e+08
89	0.075	0.	0.075	4.2975e+08
90	0.075	0.	0.1	4.3534e+08
91	0.075	0.025	0.	5.3903e+08
92	0.075	0.025	0.025	5.4703e+08
93	0.075	0.025	0.05	5.3986e+08
94	0.075	0.025	0.075	5.4639e+08
95	0.075	0.025	0.1	5.4830e+08
96	0.075	0.05	0.	6.4587e+08
97	0.075	0.05	0.025	6.4695e+08
98	0.075	0.05	0.05	6.5523e+08
99	0.075	0.05	0.075	6.5467e+08
100	0.075	0.05	0.1	6.5247e+08
101	0.1	-0.05	0.	2.1518e+08
102	0.1	-0.05	0.025	2.1452e+08
103	0.1	-0.05	0.05	2.1657e+08
104	0.1	-0.05	0.075	2.1433e+08
105	0.1	-0.05	0.1	2.1663e+08
106	0.1	-0.025	0.	3.2260e+08
107	0.1	-0.025	0.025	3.2300e+08
108	0.1	-0.025	0.05	3.2725e+08
109	0.1	-0.025	0.075	3.2657e+08
110	0.1	-0.025	0.1	3.2151e+08
111	0.1	0.	0.	4.2911e+08
112	0.1	0.	0.025	4.3481e+08
113	0.1	0.	0.05	4.2717e+08
114	0.1	0.	0.075	4.3715e+08
115	0.1	0.	0.1	4.3259e+08
116	0.1	0.025	0.	5.3756e+08
117	0.1	0.025	0.025	5.4010e+08
118	0.1	0.025	0.05	5.4594e+08
119	0.1	0.025	0.075	5.3085e+08
120	0.1	0.025	0.1	5.4449e+08
121	0.1	0.05	0.	6.5419e+08
122	0.1	0.05	0.025	6.4634e+08
123	0.1	0.05	0.05	6.4763e+08
124	0.1	0.05	0.075	6.4871e+08
125	0.1	0.05	0.1	6.5180e+08
126	0.125	-0.05	0.	2.2070e+08
127	0.125	-0.05	0.025	2.2197e+08
128	0.125	-0.05	0.05	2.2182e+08
129	0.125	-0.05	0.075	2.2321e+08
130	0.125	-0.05	0.1	2.2675e+08
131	0.125	-0.025	0.	3.2517e+08
132	0.125	-0.025	0.025	3.2730e+08
133	0.125	-0.025	0.05	3.2510e+08
134	0.125	-0.025	0.075	3.2581e+08
135	0.125	-0.025	0.1	3.2428e+08
136	0.125	0.	0.	4.2683e+08
137	0.125	0.	0.025	4.3621e+08
138	0.125	0.	0.05	4.3336e+08
139	0.125	0.	0.075	4.3245e+08
140	0.125	0.	0.1	4.2910e+08
141	0.125	0.025	0.	5.3673e+08
142	0.125	0.025	0.025	5.3209e+08
143	0.125	0.025	0.05	5.3694e+08
144	0.125	0.025	0.075	5.3849e+08
145	0.125	0.025	0.1	5.3473e+08
146	0.125	0.05	0.	6.3811e+08
147	0.125	0.05	0.025	6.3947e+08
148	0.125	0.05	0.05	6.4618e+08
149	0.125	0.05	0.075	6.4304e+08
150	0.125	0.05	0.1	6.3375e+08
151	0.15	-0.05	0.	2.2932e+08
152	0.15	-0.05	0.025	2.2899e+08
153	0.15	-0.05	0.05	2.2834e+08
154	0.15	-0.05	0.075	2.3100e+08
155	0.15	-0.05	0.1	2.2804e+08
156	0.15	-0.025	0.	3.3123e+08
157	0.15	-0.025	0.025	3.3133e+08
158	0.15	-0.025	0.05	3.3241e+08
159	0.15	-0.025	0.075	3.2950e+08
160	0.15	-0.025	0.1	3.2839e+08
161	0.15	0.	0.	4.3549e+08
162	0.15	0.	0.025	4.3531e+08
163	0.15	0.	0.05	4.3653e+08
164	0.15	0.	0.075	4.3356e+08
165	0.15	0.	0.1	4.2643e+08
166	0.15	0.025	0.	5.3476e+08
167	0.15	0.025	0.025	5.3420e+08
168	0.15	0.025	0.05	5.3931e+08
169	0.15	0.025	0.075	5.3858e+08
170	0.15	0.025	0.1	5.3668e+08
171	0.15	0.05	0.	6.2545e+08
172	0.15	0.05	0.025	6.3180e+08
173	0.15	0.05	0.05	6.3415e+08
174	0.15	0.05	0.075	6.3426e+08
175	0.15	0.05	0.1	6.3685e+08
176	0.175	-0.05	0.	2.3677e+08
177	0.175	-0.05	0.025	2.3546e+08
178	0.175	-0.05	0.05	2.3228e+08
179	0.175	-0.05	0.075	2.3245e+08
180	0.175	-0.05	0.1	2.3228e+08
181	0.175	-0.025	0.	3.3278e+08
182	0.175	-0.025	0.025	3.3524e+08
183	0.175	-0.025	0.05	3.3566e+08
184	0.175	-0.025	0.075	3.3209e+08
185	0.175	-0.025	0.1	3.3301e+08
186	0.175	0.	0.	4.3791e+08
187	0.175	0.	0.025	4.2699e+08
188	0.175	0.	0.05	4.3433e+08
189	0.175	0.	0.075	4.3396e+08
190	0.175	0.	0.1	4.3110e+08
191	0.175	0.025	0.	5.3098e+08
192	0.175	0.025	0.025	5.3284e+08
193	0.175	0.025	0.05	5.2981e+08
194	0.175	0.025	0.075	5.2835e+08
195	0.175	0.025	0.1	5.2803e+08
196	0.175	0.05	0.	6.3939e+08
197	0.175	0.05	0.025	6.2778e+08
198	0.175	0.05	0.05	6.3101e+08
199	0.175	0.05	0.075	6.3396e+08
200	0.175	0.05	0.1	6.2893e+08
201	0.2	-0.05	0.	2.4007e+08
202	0.2	-0.05	0.025	2.4097e+08
203	0.2	-0.05	0.05	2.3837e+08
204	0.2	-0.05	0.075	2.3705e+08
205	0.2	-0.05	0.1	2.3860e+08
206	0.2	-0.025	0.	3.4074e+08
207	0.2	-0.025	0.025	3.3454e+08
208	0.2	-0.025	0.05	3.3644e+08
209	0.2	-0.025	0.075	3.3253e+08
210	0.2	-0.025	0.1	3.3970e+08
211	0.2	0.	0.	4.3108e+08
212	0.2	0.	0.025	4.3055e+08
213	0.2	0.	0.05	4.3166e+08
214	0.2	0.	0.075	4.4081e+08
215	0.2	0.	0.1	4.3365e+08
216	0.2	0.025	0.	5.2740e+08
217	0.2	0.025	0.025	5.1588e+08
218	0.2	0.025	0.05	5.3377e+08
219	0.2	0.025	0.075	5.2512e+08
220	0.2	0.025	0.1	5.2446e+08
221	0.2	0.05	0.	6.2019e+08
222	0.2	0.05	0.025	6.3131e+08
223	0.2	0.05	0.05	6.2379e+08
224	0.2	0.05	0.075	6.1640e+08
225	0.2	0.05	0.1	6.2298e+08
226	0.225	-0.05	0.	2.4436e+08
227	0.225	-0.05	0.025	2.4671e+08
228	0.225	-0.05	0.05	2.4524e+08
229	0.225	-0.05	0.075	2.4291e+08
230	0.225	-0.05	0.1	2.4584e+08
231	0.225	-0.025	0.	3.3894e+08
232	0.225	-0.025	0.025	3.3569e+08
233	0.225	-0.025	0.05	3.3377e+08
234	0.225	-0.025	0.075	3.3986e+08
235	0.225	-0.025	0.1	3.3833e+08
236	0.225	0.	0.	4.3138e+08
237	0.225	0.	0.025	4.3470e+08
238	0.225	0.	0.05	4.2542e+08
239	0.225	0.	0.075	4.3233e+08
240	0.225	0.	0.1	4.3442e+08
241	0.225	0.025	0.	5.2429e+08
242	0.225	0.025	0.025	5.1911e+08
243	0.225	0.025	0.05	5.2228e+08
244	0.225	0.025	0.075	5.2316e+08
245	0.225	0.025	0.1	5.1843e+08
246	0.225	0.05	0.	6.1984e+08
247	0.225	0.05	0.025	6.1802e+08
248	0.225	0.05	0.05	6.1482e+08
249	0.225	0.05	0.075	6.2287e+08
250	0.225	0.05	0.1	6.1542e+08
251	0.25	-0.05	0.	2.5498e+08
252	0.25	-0.05	0.025	2.5146e+08
253	0.25	-0.05	0.05	2.5008e+08
254	0.25	-0.05	0.075	2.5014e+08
255	0.25	-0.05	0.1	2.5218e+08
256	0.25	-0.025	0.	3.3916e+08
257	0.25	-0.025	0.025	3.4248e+08
258	0.25	-0.025	0.05	3.4099e+08
259	0.25	-0.025	0.075	3.4093e+08
260	0.25	-0.025	0.1	3.4197e+08
261	0.25	0.	0.	4.3560e+08
262	0.25	0.	0.025	4.3025e+08
263	0.25	0.	0.05	4.3276e+08
264	0.25	0.	0.075	4.3366e+08
265	0.25	0.	0.1	4.2794e+08
266	0.25	0.025	0.	5.2424e+08
267	0.25	0.025	0.025	5.2546e+08
268	0.25	0.025	0.05	5.2609e+08
269	0.25	0.025	0.075	5.1743e+08
270	0.25	0.025	0.1	5.1772e+08
271	0.25	0.05	0.	6.1173e+08
272	0.25	0.05	0.025	6.1146e+08
273	0.25	0.05	0.05	6.1209e+08
274	0.25	0.05	0.075	6.1025e+08
275	0.25	0.05	0.1	6.1291e+08
276	0.275	-0.05	0.	2.5273e+08
277	0.275	-0.05	0.025	2.5936e+08
278	0.275	-0.05	0.05	2.6104e+08
279	0.275	-0.05	0.075	2.5686e+08
280	0.275	-0.05	0.1	2.5842e+08
281	0.275	-0.025	0.	3.4973e+08
282	0.275	-0.025	0.025	3.4518e+08
283	0.275	-0.025	0.05	3.4593e+08
284	0.275	-0.025	0.075	3.5017e+08
285	0.275	-0.025	0.1	3.5071e+08
286	0.275	0.	0.	4.2846e+08
287	0.275	0.	0.025	4.3070e+08
288	0.275	0.	0.05	4.3521e+08
289	0.275	0.	0.075	4.3384e+08
290	0.275	0.	0.1	4.3457e+08
291	0.275	0.025	0.	5.0817e+08
292	0.275	0.025	0.025	5.1095e+08
293	0.275	0.025	0.05	5.2647e+08
294	0.275	0.025	0.075	5.2227e+08
295	0.275	0.025	0.1	5.2053e+08
296	0.275	0.05	0.	5.9998e+08
297	0.275	0.05	0.025	6.0399e+08
298	0.275	0.05	0.05	6.0876e+08
299	0.275	0.05	0.075	5.9929e+08
300	0.275	0.05	0.1	6.0258e+08
301	0.3	-0.05	0.	2.6479e+08
302	0.3	-0.05	0.025	2.6525e+08
303	0.3	-0.05	0.05	2.6290e+08
304	0.3	-0.05	0.075	2.6607e+08
305	0.3	-0.05	0.1	2.6601e+08
306	0.3	-0.025	0.	3.4309e+08
307	0.3	-0.025	0.025	3.5265e+08
308	0.3	-0.025	0.05	3.5134e+08
309	0.3	-0.025	0.075	3.4866e+08
310	0.3	-0.025	0.1	3.4770e+08
311	0.3	0.	0.	4.3485e+08
312	0.3	0.	0.025	4.3397e+08
313	0.3	0.	0.05	4.3119e+08
314	0.3	0.	0.075	4.3768e+08
315	0.3	0.	0.1	4.2485e+08
316	0.3	0.025	0.	5.1331e+08
317	0.3	0.025	0.025	5.1791e+08
318	0.3	0.025	0.05	5.1584e+08
319	0.3	0.025	0.075	5.1895e+08
320	0.3	0.025	0.1	5.1030e+08
321	0.3	0.05	0.	5.9878e+08
322	0.3	0.05	0.025	6.0552e+08
323	0.3	0.05	0.05	5.9283e+08
324	0.3	0.05	0.075	5.9885e+08
325	0.3	0.05	0.1	5.9745e+08
326	0.325	-0.05	0.	2.7078e+08
327	0.325	-0.05	0.025	2.7085e+08
328	0.325	-0.05	0.05	2.7021e+08
329	0.325	-0.05	0.075	2.6937e+08
330	0.325	-0.05	0.1	2.7014e+08
331	0.325	-0.025	0.	3.5062e+08
332	0.325	-0.025	0.025	3.5100e+08
333	0.325	-0.025	0.05	3.5518e+08
334	0.325	-0.025	0.075	3.4771e+08
335	0.325	-0.025	0.1	3.5205e+08
336	0.325	0.	0.	4.2887e+08
337	0.325	0.	0.025	4.3888e+08
338	0.325	0.	0.05	4.3243e+08
339	0.325	0.	0.075	4.2774e+08
340	0.325	0.	0.1	4.3132e+08
341	0.325	0.025	0.	5.0707e+08
342	0.325	0.025	0.025	5.1046e+08
343	0.325	0.025	0.05	5.1559e+08
344	0.325	0.025	0.075	5.1865e+08
345	0.325	0.025	0.1	5.1749e+08
346	0.325	0.05	0.	5.9350e+08
347	0.325	0.05	0.025	5.9671e+08
348	0.325	0.05	0.05	5.9784e+08
349	0.325	0.05	0.075	6.0469e+08
350	0.325	0.05	0.1	5.9113e+08
351	0.35	-0.05	0.	2.7933e+08
352	0.35	-0.05	0.025	2.7359e+08
353	0.35	-0.05	0.05	2.7861e+08
354	0.35	-0.05	0.075	2.7463e+08
355	0.35	-0.05	0.1	2.7449e+08
356	0.35	-0.025	0.	3.5328e+08
357	0.35	-0.025	0.025	3.5189e+08
358	0.35	-0.025	0.05	3.5529e+08
359	0.35	-0.025	0.075	3.5756e+08
360	0.35	-0.025	0.1	3.4810e+08
361	0.35	0.	0.	4.3152e+08
362	0.35	0.	0.025	4.2837e+08
363	0.35	0.	0.05	4.3525e+08
364	0.35	0.	0.075	4.3704e+08
365	0.35	0.	0.1	4.3152e+08
366	0.35	0.025	0.	5.0719e+08
367	0.35	0.025	0.025	5.0347e+08
368	0.35	0.025	0.05	5.1801e+08
369	0.35	0.025	0.075	5.1544e+08
370	0.35	0.025	0.1	5.0199e+08
371	0.35	0.05	0.	5.9108e+08
372	0.35	0.05	0.025	5.8277e+08
373	0.35	0.05	0.05	5.8561e+08
374	0.35	0.05	0.075	5.8213e+08
375	0.35	0.05	0.1	5.7859e+08
376	0.375	-0.05	0.	2.8190e+08
377	0.375	-0.05	0.025	2.8628e+08
378	0.375	-0.05	0.05	2.7991e+08
379	0.375	-0.05	0.075	2.8401e+08
380	0.375	-0.05	0.1	2.8436e+08
381	0.375	-0.025	0.	3.5915e+08
382	0.375	-0.025	0.025	3.6279e+08
383	0.375	-0.025	0.05	3.5981e+08
384	0.375	-0.025	0.075	3.6224e+08
385	0.375	-0.025	0.1	3.5381e+08
386	0.375	0.	0.	4.3470e+08
387	0.375	0.	0.025	4.3735e+08
388	0.375	0.	0.05	4.2946e+08
389	0.375	0.	0.075	4.2007e+08
390	0.375	0.	0.1	4.2774e+08
391	0.375	0.025	0.	5.0412e+08
392	0.375	0.025	0.025	5.0934e+08
393	0.375	0.025	0.05	5.0476e+08
394	0.375	0.025	0.075	5.0707e+08
395	0.375	0.025	0.1	5.0461e+08
396	0.375	0.05	0.	5.8140e+08
397	0.375	0.05	0.025	5.8169e+08
398	0.375	0.05	0.05	5.7906e+08
399	0.375	0.05	0.075	5.8582e+08
400	0.375	0.05	0.1	5.8843e+08
401	0.4	-0.05	0.	2.8535e+08
402	0.4	-0.05	0.025	2.8850e+08
403	0.4	-0.05	0.05	2.8471e+08
404	0.4	-0.05	0.075	2.8396e+08
405	0.4	-0.05	0.1	2.9039e+08
406	0.4	-0.025	0.	3.6587e+08
407	0.4	-0.025	0.025	3.5914e+08
408	0.4	-0.025	0.05	3.6537e+08
409	0.4	-0.025	0.075	3.5822e+08
410	0.4	-0.025	0.1	3.5941e+08
411	0.4	0.	0.	4.3789e+08
412	0.4	0.	0.025	4.2897e+08
413	0.4	0.	0.05	4.3529e+08
414	0.4	0.	0.075	4.3092e+08
415	0.4	0.	0.1	4.2963e+08
416	0.4	0.025	0.	5.0201e+08
417	0.4	0.025	0.025	4.9532e+08
418	0.4	0.025	0.05	5.0915e+08
419	0.4	0.025	0.075	5.0497e+08
420	0.4	0.025	0.1	5.0346e+08
421	0.4	0.05	0.	5.7281e+08
422	0.4	0.05	0.025	5.7744e+08
423	0.4	0.05	0.05	5.8007e+08
424	0.4	0.05	0.075	5.7473e+08
425	0.4	0.05	0.1	5.8044e+08
426	0.425	-0.05	0.	2.9465e+08
427	0.425	-0.05	0.025	2.9378e+08
428	0.425	-0.05	0.05	2.9615e+08
429	0.425	-0.05	0.075	2.9281e+08
430	0.425	-0.05	0.1	2.9106e+08
431	0.425	-0.025	0.	3.6293e+08
432	0.425	-0.025	0.025	3.6319e+08
433	0.425	-0.025	0.05	3.6244e+08
434	0.425	-0.025	0.075	3.6654e+08
435	0.425	-0.025	0.1	3.6454e+08
436	0.425	0.	0.	4.3173e+08
437	0.425	0.	0.025	4.3211e+08
438	0.425	0.	0.05	4.3240e+08
439	0.425	0.	0.075	4.3394e+08
440	0.425	0.	0.1	4.3231e+08
441	0.425	0.025	0.	5.0044e+08
442	0.425	0.025	0.025	4.9571e+08
443	0.425	0.025	0.05	4.9822e+08
444	0.425	0.025	0.075	5.0217e+08
445	0.425	0.025	0.1	5.0181e+08
446	0.425	0.05	0.	5.6323e+08
447	0.425	0.05	0.025	5.6744e+08
448	0.425	0.05	0.05	5.6576e+08
449	0.425	0.05	0.075	5.7622e+08
450	0.425	0.05	0.1	5.7115e+08
451	0.45	-0.05	0.	3.0103e+08
452	0.45	-0.05	0.025	2.9984e+08
453	0.45	-0.05	0.05	2.9850e+08
454	0.45	-0.05	0.075	2.9893e+08
455	0.45	-0.05	0.1	3.0118e+08
456	0.45	-0.025	0.	3.6532e+08
457	0.45	-0.025	0.025	3.6756e+08
458	0.45	-0.025	0.05	3.6650e+08
459	0.45	-0.025	0.075	3.6695e+08
460	0.45	-0.025	0.1	3.6710e+08
461	0.45	0.	0.	4.3031e+08
462	0.45	0.	0.025	4.3105e+08
463	0.45	0.	0.05	4.3527e+08
464	0.45	0.	0.075	4.3844e+08
465	0.45	0.	0.1	4.3530e+08
466	0.45	0.025	0.	4.8695e+08
467	0.45	0.025	0.025	4.9504e+08
468	0.45	0.025	0.05	4.9852e+08
469	0.45	0.025	0.075	4.9369e+08
470	0.45	0.025	0.1	4.9350e+08
471	0.45	0.05	0.	5.6211e+08
472	0.45	0.05	0.025	5.6556e+08
473	0.45	0.05	0.05	5.6679e+08
474	0.45	0.05	0.075	5.6234e+08
475	0.45	0.05	0.1	5.6200e+08
476	0.475	-0.05	0.	3.0393e+08
477	0.475	-0.05	0.025	3.0724e+08
478	0.475	-0.05	0.05	3.0708e+08
479	0.475	-0.05	0.075	3.0822e+08
480	0.475	-0.05	0.1	3.0632e+08
481	0.475	-0.025	0.	3.6521e+08
482	0.475	-0.025	0.025	3.6805e+08
483	0.475	-0.025	0.05	3.7161e+08
484	0.475	-0.025	0.075	3.6396e+08
485	0.475	-0.025	0.1	3.6883e+08
486	0.475	0.	0.	4.3311e+08
487	0.475	0.	0.025	4.3905e+08
488	0.475	0.	0.05	4.3005e+08
489	0.475	0.	0.075	4.3170e+08
490	0.475	0.	0.1	4.3796e+08
491	0.475	0.025	0.	4.9273e+08
492	0.475	0.025	0.025	4.9932e+08
493	0.475	0.025	0.05	4.9662e+08
494	0.475	0.025	0.075	4.9419e+08
495	0.475	0.025	0.1	4.9685e+08
496	0.475	0.05	0.	5.5734e+08
497	0.475	0.05	0.025	5.6808e+08
498	0.475	0.05	0.05	5.4878e+08
499	0.475	0.05	0.075	5.5674e+08
500	0.475	0.05	0.1	5.5687e+08
501	0.5	-0.05	0.	3.1167e+08
502	0.5	-0.05	0.025	3.1470e+08
503	0.5	-0.05	0.05	3.1088e+08
504	0.5	-0.05	0.075	3.1323e+08
505	0.5	-0.05	0.1	3.1258e+08
506	0.5	-0.025	0.	3.7458e+08
507	0.5	-0.025	0.025	3.7167e+08
508	0.5	-0.025	0.05	3.7304e+08
509	0.5	-0.025	0.075	3.7171e+08
510	0.5	-0.025	0.1	3.6915e+08
511	0.5	0.	0.	4.3765e+08
512	0.5	0.	0.025	4.2949e+08
513	0.5	0.	0.05	4.3047e+08
514	0.5	0.	0.075	4.2916e+08
515	0.5	0.	0.1	4.3351e+08
516	0.5	0.025	0.	4.9018e+08
517	0.5	0.025	0.025	4.9803e+08
518	0.5	0.025	0.05	4.9416e+08
519	0.5	0.025	0.075	4.9097e+08
520	0.5	0.025	0.1	4.8848e+08
521	0.5	0.05	0.	5.5151e+08
522	0.5	0.05	0.025	5.5430e+08
523	0.5	0.05	0.05	5.5180e+08
524	0.5	0.05	0.075	5.5138e+08
525	0.5	0.05	0.1	5.4749e+08
526	0.525	-0.05	0.	3.2371e+08
527	0.525	-0.05	0.025	3.1749e+08
528	0.525	-0.05	0.05	3.1450e+08
529	0.525	-0.05	0.075	3.1527e+08
530	0.525	-0.05	0.1	3.1712e+08
531	0.525	-0.025	0.	3.8092e+08
532	0.525	-0.025	0.025	3.7457e+08
533	0.525	-0.025	0.05	3.7396e+08
534	0.525	-0.025	0.075	3.7762e+08
535	0.525	-0.025	0.1	3.7783e+08
536	0.525	0.	0.	4.3440e+08
537	0.525	0.	0.025	4.3282e+08
538	0.525	0.	0.05	4.2831e+08
539	0.525	0.	0.075	4.2953e+08
540	0.525	0.	0.1	4.2663e+08
541	0.525	0.025	0.	4.8819e+08
542	0.525	0.025	0.025	4.8740e+08
543	0.525	0.025	0.05	4.8699e+08
544	0.525	0.025	0.075	4.9015e+08
545	0.525	0.025	0.1	4.8649e+08
546	0.525	0.05	0.	5.4451e+08
547	0.525	0.05	0.025	5.4388e+08
548	0.525	0.05	0.05	5.4586e+08
549	0.525	0.05	0.075	5.4759e+08
550	0.525	0.05	0.1	5.4013e+08
551	0.55	-0.05	0.	3.2517e+08
552	0.55	-0.05	0.025	3.2468e+08
553	0.55	-0.05	0.05	3.2509e+08
554	0.55	-0.05	0.075	3.2435e+08
555	0.55	-0.05	0.1	3.2494e+08
556	0.55	-0.025	0.	3.7682e+08
557	0.55	-0.025	0.025	3.7942e+08
558	0.55	-0.025	0.05	3.8154e+08
559	0.55	-0.025	0.075	3.7658e+08
560	0.55	-0.025	0.1	3.7669e+08
561	0.55	0.	0.	4.3430e+08
562	0.55	0.	0.025	4.3021e+08
563	0.55	0.	0.05	4.2964e+08
564	0.55	0.	0.075	4.3358e+08
565	0.55	0.	0.1	4.3064e+08
566	0.55	0.025	0.	4.9081e+08
567	0.55	0.025	0.025	4.8425e+08
568	0.55	0.025	0.05	4.8288e+08
569	0.55	0.025	0.075	4.8604e+08
570	0.55	0.025	0.1	4.8776e+08
571	0.55	0.05	0.	5.4138e+08
572	0.55	0.05	0.025	5.4233e+08
573	0.55	0.05	0.05	5.3761e+08
574	0.55	0.05	0.075	5.4491e+08
575	0.55	0.05	0.1	5.3285e+08
576	0.575	-0.05	0.	3.2794e+08
577	0.575	-0.05	0.025	3.3010e+08
578	0.575	-0.05	0.05	3.2816e+08
579	0.575	-0.05	0.075	3.2918e+08
580	0.575	-0.05	0.1	3.2741e+08
581	0.575	-0.025	0.	3.8045e+08
582	0.575	-0.025	0.025	3.8249e+08
583	0.575	-0.025	0.05	3.7945e+08
584	0.575	-0.025	0.075	3.7840e+08
585	0.575	-0.025	0.1	3.7967e+08
586	0.575	0.	0.	4.3594e+08
587	0.575	0.	0.025	4.3591e+08
588	0.575	0.	0.05	4.3047e+08
589	0.575	0.	0.075	4.3388e+08
590	0.575	0.	0.1	4.3206e+08
591	0.575	0.025	0.	4.8803e+08
592	0.575	0.025	0.025	4.8380e+08
593	0.575	0.025	0.05	4.8228e+08
594	0.575	0.025	0.075	4.8925e+08
595	0.575	0.025	0.1	4.7949e+08
596	0.575	0.05	0.	5.3536e+08
597	0.575	0.05	0.025	5.3984e+08
598	0.575	0.05	0.05	5.3685e+08
599	0.575	0.05	0.075	5.3074e+08
600	0.575	0.05	0.1	5.3051e+08
601	0.6	-0.05	0.	3.3221e+08
602	0.6	-0.05	0.025	3.3999e+08
603	0.6	-0.05	0.05	3.3295e+08
604	0.6	-0.05	0.075	3.3792e+08
605	0.6	-0.05	0.1	3.3217e+08
606	0.6	-0.025	0.	3.9194e+08
607	0.6	-0.025	0.025	3.7992e+08
608	0.6	-0.025	0.05	3.8421e+08
609	0.6	-0.025	0.075	3.8780e+08
610	0.6	-0.025	0.1	3.8192e+08
611	0.6	0.	0.	4.3407e+08
612	0.6	0.	0.025	4.3115e+08
613	0.6	0.	0.05	4.3347e+08
614	0.6	0.	0.075	4.3586e+08
615	0.6	0.	0.1	4.3064e+08
616	0.6	0.025	0.	4.8581e+08
617	0.6	0.025	0.025	4.8142e+08
618	0.6	0.025	0.05	4.8755e+08
619	0.6	0.025	0.075	4.7687e+08
620	0.6	0.025	0.1	4.7760e+08
621	0.6	0.05	0.	5.2702e+08
622	0.6	0.05	0.025	5.2288e+08
623	0.6	0.05	0.05	5.3191e+08
624	0.6	0.05	0.075	5.2768e+08
625	0.6	0.05	0.1	5.2316e+08
626	0.625	-0.05	0.	3.3975e+08
627	0.625	-0.05	0.025	3.3962e+08
628	0.625	-0.05	0.05	3.4453e+08
629	0.625	-0.05	0.075	3.4325e+08
630	0.625	-0.05	0.1	3.4164e+08
631	0.625	-0.025	0.	3.8595e+08
632	0.625	-0.025	0.025	3.8634e+08
633	0.625	-0.025	0.05	3.9259e+08
634	0.625	-0.025	0.075	3.8635e+08
635	0.625	-0.025	0.1	3.8973e+08
636	0.625	0.	0.	4.3099e+08
637	0.625	0.	0.025	4.3794e+08
638	0.625	0.	0.05	4.2791e+08
639	0.625	0.	0.075	4.3491e+08
640	0.625	0.	0.1	4.2950e+08
641	0.625	0.025	0.	4.8551e+08
642	0.625	0.025	0.025	4.7973e+08
643	0.625	0.025	0.05	4.7056e+08
644	0.625	0.025	0.075	4.7351e+08
645	0.625	0.025	0.1	4.7968e+08
646	0.625	0.05	0.	5.2475e+08
647	0.625	0.05	0.025	5.2444e+08
648	0.625	0.05	0.05	5.2265e+08
649	0.625	0.05	0.075	5.2067e+08
650	0.625	0.05	0.1	5.2654e+08
651	0.65	-0.05	0.	3.4559e+08
652	0.65	-0.05	0.025	3.4815e+08
653	0.65	-0.05	0.05	3.4627e+08
654	0.65	-0.05	0.075	3.4605e+08
655	0.65	-0.05	0.1	3.4672e+08
656	0.65	-0.025	0.	3.8778e+08
657	0.65	-0.025	0.025	3.9179e+08
658	0.65	-0.025	0.05	3.8547e+08
659	0.65	-0.025	0.075	3.9142e+08
660	0.65	-0.025	0.1	3.8810e+08
661	0.65	0.	0.	4.3223e+08
662	0.65	0.	0.025	4.3155e+08
663	0.65	0.	0.05	4.3040e+08
664	0.65	0.	0.075	4.3632e+08
665	0.65	0.	0.1	4.3084e+08
666	0.65	0.025	0.	4.7673e+08
667	0.65	0.025	0.025	4.7678e+08
668	0.65	0.025	0.05	4.7303e+08
669	0.65	0.025	0.075	4.6929e+08
670	0.65	0.025	0.1	4.7072e+08
671	0.65	0.05	0.	5.2128e+08
672	0.65	0.05	0.025	5.1803e+08
673	0.65	0.05	0.05	5.1657e+08
674	0.65	0.05	0.075	5.1366e+08
675	0.65	0.05	0.1	5.2315e+08
676	0.675	-0.05	0.	3.5154e+08
677	0.675	-0.05	0.025	3.5440e+08
678	0.675	-0.05	0.05	3.5542e+08
679	0.675	-0.05	0.075	3.5030e+08
680	0.675	-0.05	0.1	3.5185e+08
681	0.675	-0.025	0.	3.9164e+08
682	0.675	-0.025	0.025	3.9579e+08
683	0.675	-0.025	0.05	3.9170e+08
684	0.675	-0.025	0.075	3.8856e+08
685	0.675	-0.025	0.1	3.8826e+08
686	0.675	0.	0.	4.2947e+08
687	0.675	0.	0.025	4.2697e+08
688	0.675	0.	0.05	4.3478e+08
689	0.675	0.	0.075	4.3492e+08
690	0.675	0.	0.1	4.3215e+08
691	0.675	0.025	0.	4.7007e+08
692	0.675	0.025	0.025	4.7386e+08
693	0.675	0.025	0.05	4.7370e+08
694	0.675	0.025	0.075	4.6735e+08
695	0.675	0.025	0.1	4.6787e+08
696	0.675	0.05	0.	5.1288e+08
697	0.675	0.05	0.025	5.1110e+08
698	0.675	0.05	0.05	5.1248e+08
699	0.675	0.05	0.075	5.0635e+08
700	0.675	0.05	0.1	5.0693e+08
701	0.7	-0.05	0.	3.6134e+08
702	0.7	-0.05	0.025	3.5804e+08
703	0.7	-0.05	0.05	3.5562e+08
704	0.7	-0.05	0.075	3.5808e+08
705	0.7	-0.05	0.1	3.5941e+08
706	0.7	-0.025	0.	4.0147e+08
707	0.7	-0.025	0.025	3.9342e+08
708	0.7	-0.025	0.05	3.9588e+08
709	0.7	-0.025	0.075	4.0255e+08
710	0.7	-0.025	0.1	3.9261e+08
711	0.7	0.	0.	4.3441e+08
712	0.7	0.	0.025	4.2967e+08
713	0.7	0.	0.05	4.3351e+08
714	0.7	0.	0.075	4.4020e+08
715	0.7	0.	0.1	4.3486e+08
716	0.7	0.025	0.	4.6863e+08
717	0.7	0.025	0.025	4.6450e+08
718	0.7	0.025	0.05	4.6741e+08
719	0.7	0.025	0.075	4.6595e+08
720	0.7	0.025	0.1	4.6263e+08
721	0.7	0.05	0.	4.9542e+08
722	0.7	0.05	0.025	5.0065e+08
723	0.7	0.05	0.05	5.0387e+08
724	0.7	0.05	0.075	5.0851e+08
725	0.7	0.05	0.1	5.0102e+08
726	0.725	-0.05	0.	3.6656e+08
727	0.725	-0.05	0.025	3.6102e+08
728	0.725	-0.05	0.05	3.6366e+08
729	0.725	-0.05	0.075	3.5883e+08
730	0.725	-0.05	0.1	3.7254e+08
731	0.725	-0.025	0.	3.9971e+08
732	0.725	-0.025	0.025	3.9961e+08
733	0.725	-0.025	0.05	4.0078e+08
734	0.725	-0.025	0.075	4.0716e+08
735	0.725	-0.025	0.1	3.9769e+08
736	0.725	0.	0.	4.2873e+08
737	0.725	0.	0.025	4.3904e+08
738	0.725	0.	0.05	4.2787e+08
739	0.725	0.	0.075	4.3661e+08
740	0.725	0.	0.1	4.3187e+08
741	0.725	0.025	0.	4.6668e+08
742	0.725	0.025	0.025	4.5972e+08
743	0.725	0.025	0.05	4.7471e+08
744	0.725	0.025	0.075	4.6364e+08
745	0.725	0.025	0.1	4.6246e+08
746	0.725	0.05	0.	5.0018e+08
747	0.725	0.05	0.025	4.9543e+08
748	0.725	0.05	0.05	4.9969e+08
749	0.725	0.05	0.075	4.9298e+08
750	0.725	0.05	0.1	4.9858e+08
751	0.75	-0.05	0.	3.7020e+08
752	0.75	-0.05	0.025	3.6967e+08
753	0.75	-0.05	0.05	3.6920e+08
754	0.75	-0.05	0.075	3.7464e+08
755	0.75	-0.05	0.1	3.7096e+08
756	0.75	-0.025	0.	4.0148e+08
757	0.75	-0.025	0.025	4.0345e+08
758	0.75	-0.025	0.05	4.0574e+08
759	0.75	-0.025	0.075	3.9911e+08
760	0.75	-0.025	0.1	4.0279e+08
761	0.75	0.	0.	4.2898e+08
762	0.75	0.	0.025	4.3140e+08
763	0.75	0.	0.05	4.3581e+08
764	0.75	0.	0.075	4.2401e+08
765	0.75	0.	0.1	4.2893e+08
766	0.75	0.025	0.	4.6121e+08
767	0.75	0.025	0.025	4.6347e+08
768	0.75	0.025	0.05	4.6657e+08
769	0.75	0.025	0.075	4.5579e+08
770	0.75	0.025	0.1	4.6730e+08
771	0.75	0.05	0.	4.9405e+08
772	0.75	0.05	0.025	4.9105e+08
773	0.75	0.05	0.05	4.8622e+08
774	0.75	0.05	0.075	4.8975e+08
775	0.75	0.05	0.1	4.9604e+08
776	0.775	-0.05	0.	3.7808e+08
777	0.775	-0.05	0.025	3.7745e+08
778	0.775	-0.05	0.05	3.7506e+08
779	0.775	-0.05	0.075	3.8022e+08
780	0.775	-0.05	0.1	3.7755e+08
781	0.775	-0.025	0.	4.0431e+08
782	0.775	-0.025	0.025	4.0477e+08
783	0.775	-0.025	0.05	4.0298e+08
784	0.775	-0.025	0.075	4.0243e+08
785	0.775	-0.025	0.1	4.0015e+08
786	0.775	0.	0.	4.2998e+08
787	0.775	0.	0.025	4.2590e+08
788	0.775	0.	0.05	4.3380e+08
789	0.775	0.	0.075	4.2982e+08
790	0.775	0.	0.1	4.3077e+08
791	0.775	0.025	0.	4.5893e+08
792	0.775	0.025	0.025	4.5612e+08
793	0.775	0.025	0.05	4.5475e+08
794	0.775	0.025	0.075	4.5988e+08
795	0.775	0.025	0.1	4.6600e+08
796	0.775	0.05	0.	4.8954e+08
797	0.775	0.05	0.025	4.9098e+08
798	0.775	0.05	0.05	4.8095e+08
799	0.775	0.05	0.075	4.8526e+08
800	0.775	0.05	0.1	4.8523e+08
801	0.8	-0.05	0.	3.8839e+08
802	0.8	-0.05	0.025	3.8682e+08
803	0.8	-0.05	0.05	3.8350e+08
804	0.8	-0.05	0.075	3.7697e+08
805	0.8	-0.05	0.1	3.8044e+08
806	0.8	-0.025	0.	4.1014e+08
807	0.8	-0.025	0.025	4.0703e+08
808	0.8	-0.025	0.05	4.0771e+08
809	0.8	-0.025	0.075	4.1008e+08
810	0.8	-0.025	0.1	4.1177e+08
811	0.8	0.	0.	4.2943e+08
812	0.8	0.	0.025	4.3417e+08
813	0.8	0.	0.05	4.3770e+08
814	0.8	0.	0.075	4.3706e+08
815	0.8	0.	0.1	4.3029e+08
816	0.8	0.025	0.	4.5714e+08
817	0.8	0.025	0.025	4.5881e+08
818	0.8	0.025	0.05	4.5614e+08
819	0.8	0.025	0.075	4.5516e+08
820	0.8	0.025	0.1	4.4975e+08
821	0.8	0.05	0.	4.7668e+08
822	0.8	0.05	0.025	4.7733e+08
823	0.8	0.05	0.05	4.7516e+08
824	0.8	0.05	0.075	4.8042e+08
825	0.8	0.05	0.1	4.8333e+08
826	0.825	-0.05	0.	3.8869e+08
827	0.825	-0.05	0.025	3.8312e+08
828	0.825	-0.05	0.05	3.8963e+08
829	0.825	-0.05	0.075	3.9085e+08
830	0.825	-0.05	0.1	3.9064e+08
831	0.825	-0.025	0.	4.0870e+08
832	0.825	-0.025	0.025	4.0711e+08
833	0.825	-0.025	0.05	4.1399e+08
834	0.825	-0.025	0.075	4.1223e+08
835	0.825	-0.025	0.1	4.0883e+08
836	0.825	0.	0.	4.2694e+08
837	0.825	0.	0.025	4.3289e+08
838	0.825	0.	0.05	4.2902e+08
839	0.825	0.	0.075	4.3345e+08
840	0.825	0.	0.1	4.3267e+08
841	0.825	0.025	0.	4.6059e+08
842	0.825	0.025	0.025	4.5278e+08
843	0.825	0.025	0.05	4.6032e+08
844	0.825	0.025	0.075	4.5336e+08
845	0.825	0.025	0.1	4.5065e+08
846	0.825	0.05	0.	4.7000e+08
847	0.825	0.05	0.025	4.7067e+08
848	0.825	0.05	0.05	4.7563e+08
849	0.825	0.05	0.075	4.7449e+08
850	0.825	0.05	0.1	4.6703e+08
851	0.85	-0.05	0.	3.9923e+08
852	0.85	-0.05	0.025	4.0068e+08
853	0.85	-0.05	0.05	3.9014e+08
854	0.85	-0.05	0.075	3.9921e+08
855	0.85	-0.05	0.1	4.0133e+08
856	0.85	-0.025	0.	4.0812e+08
857	0.85	-0.025	0.025	4.1253e+08
858	0.85	-0.025	0.05	4.1126e+08
859	0.85	-0.025	0.075	4.1730e+08
860	0.85	-0.025	0.1	4.1270e+08
861	0.85	0.	0.	4.3055e+08
862	0.85	0.	0.025	4.3358e+08
863	0.85	0.	0.05	4.3752e+08
864	0.85	0.	0.075	4.3191e+08
865	0.85	0.	0.1	4.3050e+08
866	0.85	0.025	0.	4.4904e+08
867	0.85	0.025	0.025	4.5244e+08
868	0.85	0.025	0.05	4.4527e+08
869	0.85	0.025	0.075	4.5001e+08
870	0.85	0.025	0.1	4.4669e+08
871	0.85	0.05	0.	4.6350e+08
872	0.85	0.05	0.025	4.6072e+08
873	0.85	0.05	0.05	4.6607e+08
874	0.85	0.05	0.075	4.7204e+08
875	0.85	0.05	0.1	4.6057e+08
876	0.875	-0.05	0.	4.0375e+08
877	0.875	-0.05	0.025	3.9991e+08
878	0.875	-0.05	0.05	3.9858e+08
879	0.875	-0.05	0.075	4.0311e+08
880	0.875	-0.05	0.1	4.0621e+08
881	0.875	-0.025	0.	4.2207e+08
882	0.875	-0.025	0.025	4.1802e+08
883	0.875	-0.025	0.05	4.1684e+08
884	0.875	-0.025	0.075	4.1838e+08
885	0.875	-0.025	0.1	4.2534e+08
886	0.875	0.	0.	4.3111e+08
887	0.875	0.	0.025	4.3605e+08
888	0.875	0.	0.05	4.3008e+08
889	0.875	0.	0.075	4.2925e+08
890	0.875	0.	0.1	4.3824e+08
891	0.875	0.025	0.	4.4708e+08
892	0.875	0.025	0.025	4.4787e+08
893	0.875	0.025	0.05	4.4902e+08
894	0.875	0.025	0.075	4.4388e+08
895	0.875	0.025	0.1	4.4550e+08
896	0.875	0.05	0.	4.5963e+08
897	0.875	0.05	0.025	4.6323e+08
898	0.875	0.05	0.05	4.6336e+08
899	0.875	0.05	0.075	4.5978e+08
900	0.875	0.05	0.1	4.6949e+08
901	0.9	-0.05	0.	4.0791e+08
902	0.9	-0.05	0.025	4.0834e+08
903	0.9	-0.05	0.05	4.1239e+08
904	0.9	-0.05	0.075	4.0514e+08
905	0.9	-0.05	0.1	4.0630e+08
906	0.9	-0.025	0.	4.2103e+08
907	0.9	-0.025	0.025	4.1511e+08
908	0.9	-0.025	0.05	4.1927e+08
909	0.9	-0.025	0.075	4.2696e+08
910	0.9	-0.025	0.1	4.2622e+08
911	0.9	0.	0.	4.3523e+08
912	0.9	0.	0.025	4.3621e+08
913	0.9	0.	0.05	4.3383e+08
914	0.9	0.	0.075	4.3063e+08
915	0.9	0.	0.1	4.3781e+08
916	0.9	0.025	0.	4.4070e+08
917	0.9	0.025	0.025	4.4751e+08
918	0.9	0.025	0.05	4.4226e+08
919	0.9	0.025	0.075	4.4247e+08
920	0.9	0.025	0.1	4.4598e+08
921	0.9	0.05	0.	4.6342e+08
922	0.9	0.05	0.025	4.6121e+08
923	0.9	0.05	0.05	4.5724e+08
924	0.9	0.05	0.075	4.5623e+08
925	0.9	0.05	0.1	4.5885e+08
926	0.925	-0.05	0.	4.1852e+08
927	0.925	-0.05	0.025	4.0817e+08
928	0.925	-0.05	0.05	4.1358e+08
929	0.925	-0.05	0.075	4.1051e+08
930	0.925	-0.05	0.1	4.1328e+08
931	0.925	-0.025	0.	4.1881e+08
932	0.925	-0.025	0.025	4.1696e+08
933	0.925	-0.025	0.05	4.1861e+08
934	0.925	-0.025	0.075	4.2120e+08
935	0.925	-0.025	0.1	4.2506e+08
936	0.925	0.	0.	4.2931e+08
937	0.925	0.	0.025	4.2913e+08
938	0.925	0.	0.05	4.3349e+08
939	0.925	0.	0.075	4.3312e+08
940	0.925	0.	0.1	4.3801e+08
941	0.925	0.025	0.	4.4437e+08
942	0.925	0.025	0.025	4.3745e+08
943	0.925	0.025	0.05	4.3870e+08
944	0.925	0.025	0.075	4.4370e+08
945	0.925	0.025	0.1	4.3794e+08
946	0.925	0.05	0.	4.4883e+08
947	0.925	0.05	0.025	4.4384e+08
948	0.925	0.05	0.05	4.4530e+08
949	0.925	0.05	0.075	4.5453e+08
950	0.925	0.05	0.1	4.5060e+08
951	0.95	-0.05	0.	4.1789e+08
952	0.95	-0.05	0.025	4.1836e+08
953	0.95	-0.05	0.05	4.2576e+08
954	0.95	-0.05	0.075	4.1779e+08
955	0.95	-0.05	0.1	4.2159e+08
956	0.95	-0.025	0.	4.2904e+08
957	0.95	-0.025	0.025	4.3100e+08
958	0.95	-0.025	0.05	4.2317e+08
959	0.95	-0.025	0.075	4.2130e+08
960	0.95	-0.025	0.1	4.2231e+08
961	0.95	0.	0.	4.3465e+08
962	0.95	0.	0.025	4.3901e+08
963	0.95	0.	0.05	4.3477e+08
964	0.95	0.	0.075	4.2985e+08
965	0.95	0.	0.1	4.3623e+08
966	0.95	0.025	0.	4.3643e+08
967	0.95	0.025	0.025	4.3515e+08
968	0.95	0.025	0.05	4.3691e+08
969	0.95	0.025	0.075	4.3603e+08
970	0.95	0.025	0.1	4.3561e+08
971	0.95	0.05	0.	4.4834e+08
972	0.95	0.05	0.025	4.4217e+08
973	0.95	0.05	0.05	4.3836e+08
974	0.95	0.05	0.075	4.4608e+08
975	0.95	0.05	0.1	4.4061e+08
976	0.975	-0.05	0.	4.2286e+08
977	0.975	-0.05	0.025	4.2839e+08
978	0.975	-0.05	0.05	4.2353e+08
979	0.975	-0.05	0.075	4.2446e+08
980	0.975	-0.05	0.1	4.2614e+08
981	0.975	-0.025	0.	4.2809e+08
982	0.975	-0.025	0.025	4.2760e+08
983	0.975	-0.025	0.05	4.2103e+08
984	0.975	-0.025	0.075	4.2848e+08
985	0.975	-0.025	0.1	4.3461e+08
986	0.975	0.	0.	4.3430e+08
987	0.975	0.	0.025	4.3083e+08
988	0.975	0.	0.05	4.3375e+08
989	0.975	0.	0.075	4.3429e+08
990	0.975	0.	0.1	4.2921e+08
991	0.975	0.025	0.	4.3945e+08
992	0.975	0.025	0.025	4.3564e+08
993	0.975	0.025	0.05	4.3398e+08
994	0.975	0.025	0.075	4.4061e+08
995	0.975	0.025	0.1	4.2787e+08
996	0.975	0.05	0.	4.3388e+08
997	0.975	0.05	0.025	4.4025e+08
998	0.975	0.05	0.05	4.4036e+08
999	0.975	0.05	0.075	4.4377e+08
1000	0.975	0.05	0.1	4.3010e+08
1001	1	-0.05	0.	4.3497e+08
1002	1	-0.05	0.025	4.2770e+08
1003	1	-0.05	0.05	4.3345e+08
1004	1	-0.05	0.075	4.3178e+08
1005	1	-0.05	0.1	4.3494e+08
1006	1	-0.025	0.	4.3126e+08
1007	1	-0.025	0.025	4.3556e+08
1008	1	-0.025	0.05	4.2921e+08
1009	1	-0.025	0.075	4.3179e+08
1010	1	-0.025	0.1	4.3274e+08
1011	1	0.	0.	4.3792e+08
1012	1	0.	0.025	4.3500e+08
1013	1	0.	0.05	4.3283e+08
1014	1	0.	0.075	4.3434e+08
1015	1	0.	0.1	4.3588e+08
1016	1	0.025	0.	4.3336e+08
1017	1	0.025	0.025	4.2853e+08
1018	1	0.025	0.05	4.3424e+08
1019	1	0.025	0.075	4.3197e+08
1020	1	0.025	0.1	4.3085e+08
1021	1	0.05	0.	4.2929e+08
1022	1	0.05	0.025	4.3400e+08
1023	1	0.05	0.05	4.3377e+08
1024	1	0.05	0.075	4.2870e+08
1025	1	0.05	0.1	4.2818e+08
