Node Number	X Location (m)	Y Location (m)	Z Location (m)	Directional Deformation (m)
1	0.	-0.05	0.	-0.0000e+00
2	0.	-0.05	0.025	-0.0000e+00
3	0.	-0.05	0.05	-0.0000e+00
4	0.	-0.05	0.075	-0.0000e+00
5	0.	-0.05	0.1	-0.0000e+00
6	0.	-0.025	0.	-0.0000e+00
7	0.	-0.025	0.025	-0.0000e+00
8	0.	-0.025	0.05	-0.0000e+00
9	0.	-0.025	0.075	-0.0000e+00
10	0.	-0.025	0.1	-0.0000e+00
11	0.	0.	0.	-0.0000e+00
12	0.	0.	0.025	-0.0000e+00
13	0.	0.	0.05	-0.0000e+00
14	0.	0.	0.075	-0.0000e+00
15	0.	0.	0.1	-0.0000e+00
16	0.	0.025	0.	-0.0000e+00
17	0.	0.025	0.025	-0.0000e+00
18	0.	0.025	0.05	-0.0000e+00
19	0.	0.025	0.075	-0.0000e+00
20	0.	0.025	0.1	-0.0000e+00
21	0.	0.05	0.	-0.0000e+00
22	0.	0.05	0.025	-0.0000e+00
23	0.	0.05	0.05	-0.0000e+00
24	0.	0.05	0.075	-0.0000e+00
25	0.	0.05	0.1	-0.0000e+00
26	0.025	-0.05	0.	-5.5950e-06
27	0.025	-0.05	0.025	-5.6071e-06
28	0.025	-0.05	0.05	-5.5649e-06
29	0.025	-0.05	0.075	-5.6158e-06
30	0.025	-0.05	0.1	-5.5462e-06
31	0.025	-0.025	0.	-5.5913e-06
32	0.025	-0.025	0.025	-5.5583e-06
33	0.025	-0.025	0.05	-5.5638e-06
34	0.025	-0.025	0.075	-5.5795e-06
35	0.025	-0.025	0.1	-5.5692e-06
36	0.025	0.	0.	-5.5142e-06
37	0.025	0.	0.025	-5.5918e-06
38	0.025	0.	0.05	-5.5955e-06
39	0.025	0.	0.075	-5.5745e-06
40	0.025	0.	0.1	-5.5728e-06
41	0.025	0.025	0.	-5.5698e-06
42	0.025	0.025	0.025	-5.5399e-06
43	0.025	0.025	0.05	-5.5376e-06
44	0.025	0.025	0.075	-5.5961e-06
45	0.025	0.025	0.1	-5.6019e-06
46	0.025	0.05	0.	-5.5914e-06
47	0.025	0.05	0.025	-5.5866e-06
48	0.025	0.05	0.05	-5.5956e-06
49	0.025	0.05	0.075	-5.5941e-06
50	0.025	0.05	0.1	-5.5606e-06
51	0.05	-0.05	0.	-2.2145e-05
52	0.05	-0.05	0.025	-2.2099e-05
53	0.05	-0.05	0.05	-2.2100e-05
54	0.05	-0.05	0.075	-2.2226e-05
55	0.05	-0.05	0.1	-2.2264e-05
56	0.05	-0.025	0.	-2.1917e-05
57	0.05	-0.025	0.025	-2.2102e-05
58	0.05	-0.025	0.05	-2.2098e-05
59	0.05	-0.025	0.075	-2.2228e-05
60	0.05	-0.025	0.1	-2.1997e-05
61	0.05	0.	0.	-2.1860e-05
62	0.05	0.	0.025	-2.2198e-05
63	0.05	0.	0.05	-2.2210e-05
64	0.05	0.	0.075	-2.1967e-05
65	0.05	0.	0.1	-2.2114e-05
66	0.05	0.025	0.	-2.2260e-05
67	0.05	0.025	0.025	-2.2030e-05
68	0.05	0.025	0.05	-2.2134e-05
69	0.05	0.025	0.075	-2.2170e-05
70	0.05	0.025	0.1	-2.1999e-05
71	0.05	0.05	0.	-2.2075e-05
72	0.05	0.05	0.025	-2.1975e-05
73	0.05	0.05	0.05	-2.2110e-05
74	0.05	0.05	0.075	-2.2055e-05
75	0.05	0.05	0.1	-2.2143e-05
76	0.075	-0.05	0.	-4.9485e-05
77	0.075	-0.05	0.025	-4.9634e-05
78	0.075	-0.05	0.05	-4.9820e-05
79	0.075	-0.05	0.075	-4.9400e-05
80	0.075	-0.05	0.1	-4.9297e-05
81	0.075	-0.025	0.	-4.9285e-05
82	0.075	-0.025	0.025	-4.9169e-05
83	0.075	-0.025	0.05	-4.9448e-05
84	0.075	-0.025	0.075	-4.9262e-05
85	0.075	-0.025	0.1	-4.9462e-05
86	0.075	0.	0.	-4.9175e-05
87	0.075	0.	0.025	-4.9267e-05
88	0.075	0.	0.05	-4.9445e-05
89	0.075	0.	0.075	-4.9335e-05
90	0.075	0.	0.1	-4.8980e-05
91	0.075	0.025	0.	-4.9356e-05
92	0.075	0.025	0.025	-4.9201e-05
93	0.075	0.025	0.05	-4.9593e-05
94	0.075	0.025	0.075	-4.9551e-05
95	0.075	0.025	0.1	-4.8909e-05
96	0.075	0.05	0.	-4.9518e-05
97	0.075	0.05	0.025	-4.9436e-05
98	0.075	0.05	0.05	-4.9066e-05
99	0.075	0.05	0.075	-4.9533e-05
100	0.075	0.05	0.1	-4.9107e-05
101	0.1	-0.05	0.	-8.7399e-05
102	0.1	-0.05	0.025	-8.6775e-05
103	0.1	-0.05	0.05	-8.6472e-05
104	0.1	-0.05	0.075	-8.7738e-05
105	0.1	-0.05	0.1	-8.6462e-05
106	0.1	-0.025	0.	-8.6720e-05
107	0.1	-0.025	0.025	-8.6788e-05
108	0.1	-0.025	0.05	-8.6841e-05
109	0.1	-0.025	0.075	-8.7243e-05
110	0.1	-0.025	0.1	-8.7020e-05
111	0.1	0.	0.	-8.7349e-05
112	0.1	0.	0.025	-8.7129e-05
113	0.1	0.	0.05	-8.6418e-05
114	0.1	0.	0.075	-8.7191e-05
115	0.1	0.	0.1	-8.7081e-05
116	0.1	0.025	0.	-8.6783e-05
117	0.1	0.025	0.025	-8.7722e-05
118	0.1	0.025	0.05	-8.7212e-05
119	0.1	0.025	0.075	-8.7328e-05
120	0.1	0.025	0.1	-8.7340e-05
121	0.1	0.05	0.	-8.6854e-05
122	0.1	0.05	0.025	-8.7220e-05
123	0.1	0.05	0.05	-8.7110e-05
124	0.1	0.05	0.075	-8.6806e-05
125	0.1	0.05	0.1	-8.6575e-05
126	0.125	-0.05	0.	-1.3478e-04
127	0.125	-0.05	0.025	-1.3508e-04
128	0.125	-0.05	0.05	-1.3477e-04
129	0.125	-0.05	0.075	-1.3467e-04
130	0.125	-0.05	0.1	-1.3478e-04
131	0.125	-0.025	0.	-1.3461e-04
132	0.125	-0.025	0.025	-1.3560e-04
133	0.125	-0.025	0.05	-1.3491e-04
134	0.125	-0.025	0.075	-1.3450e-04
135	0.125	-0.025	0.1	-1.3379e-04
136	0.125	0.	0.	-1.3466e-04
137	0.125	0.	0.025	-1.3445e-04
138	0.125	0.	0.05	-1.3443e-04
139	0.125	0.	0.075	-1.3527e-04
140	0.125	0.	0.1	-1.3481e-04
141	0.125	0.025	0.	-1.3386e-04
142	0.125	0.025	0.025	-1.3510e-04
143	0.125	0.025	0.05	-1.3391e-04
144	0.125	0.025	0.075	-1.3514e-04
145	0.125	0.025	0.1	-1.3451e-04
146	0.125	0.05	0.	-1.3481e-04
147	0.125	0.05	0.025	-1.3475e-04
148	0.125	0.05	0.05	-1.3469e-04
149	0.125	0.05	0.075	-1.3488e-04
150	0.125	0.05	0.1	-1.3481e-04
151	0.15	-0.05	0.	-1.9381e-04
152	0.15	-0.05	0.025	-1.9255e-04
153	0.15	-0.05	0.05	-1.9257e-04
154	0.15	-0.05	0.075	-1.9183e-04
155	0.15	-0.05	0.1	-1.9267e-04
156	0.15	-0.025	0.	-1.9159e-04
157	0.15	-0.025	0.025	-1.9326e-04
158	0.15	-0.025	0.05	-1.9123e-04
159	0.15	-0.025	0.075	-1.9173e-04
160	0.15	-0.025	0.1	-1.9112e-04
161	0.15	0.	0.	-1.9270e-04
162	0.15	0.	0.025	-1.9205e-04
163	0.15	0.	0.05	-1.9290e-04
164	0.15	0.	0.075	-1.9162e-04
165	0.15	0.	0.1	-1.9278e-04
166	0.15	0.025	0.	-1.9282e-04
167	0.15	0.025	0.025	-1.9254e-04
168	0.15	0.025	0.05	-1.9240e-04
169	0.15	0.025	0.075	-1.9248e-04
170	0.15	0.025	0.1	-1.9167e-04
171	0.15	0.05	0.	-1.9155e-04
172	0.15	0.05	0.025	-1.9279e-04
173	0.15	0.05	0.05	-1.9209e-04
174	0.15	0.05	0.075	-1.9272e-04
175	0.15	0.05	0.1	-1.9357e-04
176	0.175	-0.05	0.	-2.5907e-04
177	0.175	-0.05	0.025	-2.5892e-04
178	0.175	-0.05	0.05	-2.5921e-04
179	0.175	-0.05	0.075	-2.5959e-04
180	0.175	-0.05	0.1	-2.6018e-04
181	0.175	-0.025	0.	-2.5952e-04
182	0.175	-0.025	0.025	-2.6170e-04
183	0.175	-0.025	0.05	-2.5998e-04
184	0.175	-0.025	0.075	-2.6036e-04
185	0.175	-0.025	0.1	-2.5951e-04
186	0.175	0.	0.	-2.6060e-04
187	0.175	0.	0.025	-2.5933e-04
188	0.175	0.	0.05	-2.5888e-04
189	0.175	0.	0.075	-2.6049e-04
190	0.175	0.	0.1	-2.5949e-04
191	0.175	0.025	0.	-2.5980e-04
192	0.175	0.025	0.025	-2.6057e-04
193	0.175	0.025	0.05	-2.5969e-04
194	0.175	0.025	0.075	-2.5939e-04
195	0.175	0.025	0.1	-2.5899e-04
196	0.175	0.05	0.	-2.6065e-04
197	0.175	0.05	0.025	-2.5919e-04
198	0.175	0.05	0.05	-2.5949e-04
199	0.175	0.05	0.075	-2.5984e-04
200	0.175	0.05	0.1	-2.5984e-04
201	0.2	-0.05	0.	-3.3736e-04
202	0.2	-0.05	0.025	-3.3591e-04
203	0.2	-0.05	0.05	-3.3785e-04
204	0.2	-0.05	0.075	-3.3567e-04
205	0.2	-0.05	0.1	-3.3650e-04
206	0.2	-0.025	0.	-3.3575e-04
207	0.2	-0.025	0.025	-3.3881e-04
208	0.2	-0.025	0.05	-3.3553e-04
209	0.2	-0.025	0.075	-3.3565e-04
210	0.2	-0.025	0.1	-3.3615e-04
211	0.2	0.	0.	-3.3564e-04
212	0.2	0.	0.025	-3.3642e-04
213	0.2	0.	0.05	-3.3765e-04
214	0.2	0.	0.075	-3.3620e-04
215	0.2	0.	0.1	-3.3625e-04
216	0.2	0.025	0.	-3.3569e-04
217	0.2	0.025	0.025	-3.3532e-04
218	0.2	0.025	0.05	-3.3613e-04
219	0.2	0.025	0.075	-3.3601e-04
220	0.2	0.025	0.1	-3.3758e-04
221	0.2	0.05	0.	-3.3471e-04
222	0.2	0.05	0.025	-3.3795e-04
223	0.2	0.05	0.05	-3.3580e-04
224	0.2	0.05	0.075	-3.3620e-04
225	0.2	0.05	0.1	-3.3457e-04
226	0.225	-0.05	0.	-4.2240e-04
227	0.225	-0.05	0.025	-4.1983e-04
228	0.225	-0.05	0.05	-4.2208e-04
229	0.225	-0.05	0.075	-4.2192e-04
230	0.225	-0.05	0.1	-4.2090e-04
231	0.225	-0.025	0.	-4.1797e-04
232	0.225	-0.025	0.025	-4.2510e-04
233	0.225	-0.025	0.05	-4.1968e-04
234	0.225	-0.025	0.075	-4.2191e-04
235	0.225	-0.025	0.1	-4.2022e-04
236	0.225	0.	0.	-4.2322e-04
237	0.225	0.	0.025	-4.2081e-04
238	0.225	0.	0.05	-4.2019e-04
239	0.225	0.	0.075	-4.2246e-04
240	0.225	0.	0.1	-4.1931e-04
241	0.225	0.025	0.	-4.2076e-04
242	0.225	0.025	0.025	-4.2262e-04
243	0.225	0.025	0.05	-4.2399e-04
244	0.225	0.025	0.075	-4.1983e-04
245	0.225	0.025	0.1	-4.2042e-04
246	0.225	0.05	0.	-4.2205e-04
247	0.225	0.05	0.025	-4.1809e-04
248	0.225	0.05	0.05	-4.2374e-04
249	0.225	0.05	0.075	-4.1977e-04
250	0.225	0.05	0.1	-4.2072e-04
251	0.25	-0.05	0.	-5.1616e-04
252	0.25	-0.05	0.025	-5.1573e-04
253	0.25	-0.05	0.05	-5.1364e-04
254	0.25	-0.05	0.075	-5.1918e-04
255	0.25	-0.05	0.1	-5.1031e-04
256	0.25	-0.025	0.	-5.1331e-04
257	0.25	-0.025	0.025	-5.1431e-04
258	0.25	-0.025	0.05	-5.1367e-04
259	0.25	-0.025	0.075	-5.1814e-04
260	0.25	-0.025	0.1	-5.1220e-04
261	0.25	0.	0.	-5.1884e-04
262	0.25	0.	0.025	-5.1505e-04
263	0.25	0.	0.05	-5.1282e-04
264	0.25	0.	0.075	-5.1129e-04
265	0.25	0.	0.1	-5.1518e-04
266	0.25	0.025	0.	-5.1418e-04
267	0.25	0.025	0.025	-5.1611e-04
268	0.25	0.025	0.05	-5.1470e-04
269	0.25	0.025	0.075	-5.1760e-04
270	0.25	0.025	0.1	-5.1533e-04
271	0.25	0.05	0.	-5.1475e-04
272	0.25	0.05	0.025	-5.1763e-04
273	0.25	0.05	0.05	-5.1610e-04
274	0.25	0.05	0.075	-5.1722e-04
275	0.25	0.05	0.1	-5.1799e-04
276	0.275	-0.05	0.	-6.1751e-04
277	0.275	-0.05	0.025	-6.1833e-04
278	0.275	-0.05	0.05	-6.2032e-04
279	0.275	-0.05	0.075	-6.1217e-04
280	0.275	-0.05	0.1	-6.1798e-04
281	0.275	-0.025	0.	-6.1768e-04
282	0.275	-0.025	0.025	-6.1916e-04
283	0.275	-0.025	0.05	-6.1625e-04
284	0.275	-0.025	0.075	-6.2094e-04
285	0.275	-0.025	0.1	-6.1641e-04
286	0.275	0.	0.	-6.1710e-04
287	0.275	0.	0.025	-6.1659e-04
288	0.275	0.	0.05	-6.2128e-04
289	0.275	0.	0.075	-6.1308e-04
290	0.275	0.	0.1	-6.2265e-04
291	0.275	0.025	0.	-6.2188e-04
292	0.275	0.025	0.025	-6.1684e-04
293	0.275	0.025	0.05	-6.2077e-04
294	0.275	0.025	0.075	-6.1856e-04
295	0.275	0.025	0.1	-6.2232e-04
296	0.275	0.05	0.	-6.2059e-04
297	0.275	0.05	0.025	-6.2366e-04
298	0.275	0.05	0.05	-6.1437e-04
299	0.275	0.05	0.075	-6.1871e-04
300	0.275	0.05	0.1	-6.1397e-04
301	0.3	-0.05	0.	-7.2749e-04
302	0.3	-0.05	0.025	-7.3556e-04
303	0.3	-0.05	0.05	-7.3037e-04
304	0.3	-0.05	0.075	-7.3187e-04
305	0.3	-0.05	0.1	-7.3050e-04
306	0.3	-0.025	0.	-7.3031e-04
307	0.3	-0.025	0.025	-7.2748e-04
308	0.3	-0.025	0.05	-7.2693e-04
309	0.3	-0.025	0.075	-7.2740e-04
310	0.3	-0.025	0.1	-7.2104e-04
311	0.3	0.	0.	-7.2876e-04
312	0.3	0.	0.025	-7.2970e-04
313	0.3	0.	0.05	-7.2719e-04
314	0.3	0.	0.075	-7.2862e-04
315	0.3	0.	0.1	-7.3053e-04
316	0.3	0.025	0.	-7.3158e-04
317	0.3	0.025	0.025	-7.2551e-04
318	0.3	0.025	0.05	-7.2668e-04
319	0.3	0.025	0.075	-7.3120e-04
320	0.3	0.025	0.1	-7.3072e-04
321	0.3	0.05	0.	-7.3292e-04
322	0.3	0.05	0.025	-7.3280e-04
323	0.3	0.05	0.05	-7.3604e-04
324	0.3	0.05	0.075	-7.2815e-04
325	0.3	0.05	0.1	-7.3360e-04
326	0.325	-0.05	0.	-8.4452e-04
327	0.325	-0.05	0.025	-8.5576e-04
328	0.325	-0.05	0.05	-8.4918e-04
329	0.325	-0.05	0.075	-8.4948e-04
330	0.325	-0.05	0.1	-8.5100e-04
331	0.325	-0.025	0.	-8.4305e-04
332	0.325	-0.025	0.025	-8.4400e-04
333	0.325	-0.025	0.05	-8.4803e-04
334	0.325	-0.025	0.075	-8.4881e-04
335	0.325	-0.025	0.1	-8.5470e-04
336	0.325	0.	0.	-8.4442e-04
337	0.325	0.	0.025	-8.5286e-04
338	0.325	0.	0.05	-8.4674e-04
339	0.325	0.	0.075	-8.4669e-04
340	0.325	0.	0.1	-8.4709e-04
341	0.325	0.025	0.	-8.4661e-04
342	0.325	0.025	0.025	-8.4929e-04
343	0.325	0.025	0.05	-8.4630e-04
344	0.325	0.025	0.075	-8.4286e-04
345	0.325	0.025	0.1	-8.4673e-04
346	0.325	0.05	0.	-8.4919e-04
347	0.325	0.05	0.025	-8.4289e-04
348	0.325	0.05	0.05	-8.4961e-04
349	0.325	0.05	0.075	-8.5164e-04
350	0.325	0.05	0.1	-8.5266e-04
351	0.35	-0.05	0.	-9.7519e-04
352	0.35	-0.05	0.025	-9.6684e-04
353	0.35	-0.05	0.05	-9.7640e-04
354	0.35	-0.05	0.075	-9.7764e-04
355	0.35	-0.05	0.1	-9.7116e-04
356	0.35	-0.025	0.	-9.7359e-04
357	0.35	-0.025	0.025	-9.7576e-04
358	0.35	-0.025	0.05	-9.8084e-04
359	0.35	-0.025	0.075	-9.7288e-04
360	0.35	-0.025	0.1	-9.7735e-04
361	0.35	0.	0.	-9.7511e-04
362	0.35	0.	0.025	-9.7465e-04
363	0.35	0.	0.05	-9.7906e-04
364	0.35	0.	0.075	-9.7064e-04
365	0.35	0.	0.1	-9.7477e-04
366	0.35	0.025	0.	-9.7398e-04
367	0.35	0.025	0.025	-9.6800e-04
368	0.35	0.025	0.05	-9.7868e-04
369	0.35	0.025	0.075	-9.7710e-04
370	0.35	0.025	0.1	-9.7401e-04
371	0.35	0.05	0.	-9.7286e-04
372	0.35	0.05	0.025	-9.7388e-04
373	0.35	0.05	0.05	-9.7663e-04
374	0.35	0.05	0.075	-9.7408e-04
375	0.35	0.05	0.1	-9.7127e-04
376	0.375	-0.05	0.	-1.1051e-03
377	0.375	-0.05	0.025	-1.1074e-03
378	0.375	-0.05	0.05	-1.1033e-03
379	0.375	-0.05	0.075	-1.1089e-03
380	0.375	-0.05	0.1	-1.1039e-03
381	0.375	-0.025	0.	-1.1032e-03
382	0.375	-0.025	0.025	-1.1216e-03
383	0.375	-0.025	0.05	-1.1160e-03
384	0.375	-0.025	0.075	-1.1081e-03
385	0.375	-0.025	0.1	-1.1112e-03
386	0.375	0.	0.	-1.1119e-03
387	0.375	0.	0.025	-1.1071e-03
388	0.375	0.	0.05	-1.1087e-03
389	0.375	0.	0.075	-1.1063e-03
390	0.375	0.	0.1	-1.1130e-03
391	0.375	0.025	0.	-1.1130e-03
392	0.375	0.025	0.025	-1.1143e-03
393	0.375	0.025	0.05	-1.1086e-03
394	0.375	0.025	0.075	-1.1170e-03
395	0.375	0.025	0.1	-1.1071e-03
396	0.375	0.05	0.	-1.1165e-03
397	0.375	0.05	0.025	-1.1054e-03
398	0.375	0.05	0.05	-1.1017e-03
399	0.375	0.05	0.075	-1.1164e-03
400	0.375	0.05	0.1	-1.1103e-03
401	0.4	-0.05	0.	-1.2506e-03
402	0.4	-0.05	0.025	-1.2462e-03
403	0.4	-0.05	0.05	-1.2438e-03
404	0.4	-0.05	0.075	-1.2443e-03
405	0.4	-0.05	0.1	-1.2487e-03
406	0.4	-0.025	0.	-1.2473e-03
407	0.4	-0.025	0.025	-1.2383e-03
408	0.4	-0.025	0.05	-1.2565e-03
409	0.4	-0.025	0.075	-1.2459e-03
410	0.4	-0.025	0.1	-1.2542e-03
411	0.4	0.	0.	-1.2445e-03
412	0.4	0.	0.025	-1.2488e-03
413	0.4	0.	0.05	-1.2529e-03
414	0.4	0.	0.075	-1.2522e-03
415	0.4	0.	0.1	-1.2467e-03
416	0.4	0.025	0.	-1.2505e-03
417	0.4	0.025	0.025	-1.2514e-03
418	0.4	0.025	0.05	-1.2473e-03
419	0.4	0.025	0.075	-1.2424e-03
420	0.4	0.025	0.1	-1.2449e-03
421	0.4	0.05	0.	-1.2461e-03
422	0.4	0.05	0.025	-1.2481e-03
423	0.4	0.05	0.05	-1.2559e-03
424	0.4	0.05	0.075	-1.2525e-03
425	0.4	0.05	0.1	-1.2439e-03
426	0.425	-0.05	0.	-1.4056e-03
427	0.425	-0.05	0.025	-1.3949e-03
428	0.425	-0.05	0.05	-1.3991e-03
429	0.425	-0.05	0.075	-1.3901e-03
430	0.425	-0.05	0.1	-1.3928e-03
431	0.425	-0.025	0.	-1.4011e-03
432	0.425	-0.025	0.025	-1.3904e-03
433	0.425	-0.025	0.05	-1.3956e-03
434	0.425	-0.025	0.075	-1.3980e-03
435	0.425	-0.025	0.1	-1.3896e-03
436	0.425	0.	0.	-1.3854e-03
437	0.425	0.	0.025	-1.4004e-03
438	0.425	0.	0.05	-1.4113e-03
439	0.425	0.	0.075	-1.3979e-03
440	0.425	0.	0.1	-1.3990e-03
441	0.425	0.025	0.	-1.3904e-03
442	0.425	0.025	0.025	-1.4035e-03
443	0.425	0.025	0.05	-1.3932e-03
444	0.425	0.025	0.075	-1.4018e-03
445	0.425	0.025	0.1	-1.3987e-03
446	0.425	0.05	0.	-1.3989e-03
447	0.425	0.05	0.025	-1.3986e-03
448	0.425	0.05	0.05	-1.3985e-03
449	0.425	0.05	0.075	-1.3969e-03
450	0.425	0.05	0.1	-1.4007e-03
451	0.45	-0.05	0.	-1.5446e-03
452	0.45	-0.05	0.025	-1.5476e-03
453	0.45	-0.05	0.05	-1.5582e-03
454	0.45	-0.05	0.075	-1.5502e-03
455	0.45	-0.05	0.1	-1.5471e-03
456	0.45	-0.025	0.	-1.5555e-03
457	0.45	-0.025	0.025	-1.5543e-03
458	0.45	-0.025	0.05	-1.5411e-03
459	0.45	-0.025	0.075	-1.5536e-03
460	0.45	-0.025	0.1	-1.5500e-03
461	0.45	0.	0.	-1.5535e-03
462	0.45	0.	0.025	-1.5492e-03
463	0.45	0.	0.05	-1.5520e-03
464	0.45	0.	0.075	-1.5378e-03
465	0.45	0.	0.1	-1.5436e-03
466	0.45	0.025	0.	-1.5537e-03
467	0.45	0.025	0.025	-1.5654e-03
468	0.45	0.025	0.05	-1.5514e-03
469	0.45	0.025	0.075	-1.5448e-03
470	0.45	0.025	0.1	-1.5500e-03
471	0.45	0.05	0.	-1.5436e-03
472	0.45	0.05	0.025	-1.5569e-03
473	0.45	0.05	0.05	-1.5494e-03
474	0.45	0.05	0.075	-1.5557e-03
475	0.45	0.05	0.1	-1.5482e-03
476	0.475	-0.05	0.	-1.7169e-03
477	0.475	-0.05	0.025	-1.6980e-03
478	0.475	-0.05	0.05	-1.7093e-03
479	0.475	-0.05	0.075	-1.7128e-03
480	0.475	-0.05	0.1	-1.7073e-03
481	0.475	-0.025	0.	-1.7116e-03
482	0.475	-0.025	0.025	-1.7115e-03
483	0.475	-0.025	0.05	-1.7163e-03
484	0.475	-0.025	0.075	-1.7134e-03
485	0.475	-0.025	0.1	-1.7118e-03
486	0.475	0.	0.	-1.7151e-03
487	0.475	0.	0.025	-1.6999e-03
488	0.475	0.	0.05	-1.7040e-03
489	0.475	0.	0.075	-1.6996e-03
490	0.475	0.	0.1	-1.7129e-03
491	0.475	0.025	0.	-1.7119e-03
492	0.475	0.025	0.025	-1.7186e-03
493	0.475	0.025	0.05	-1.7115e-03
494	0.475	0.025	0.075	-1.7048e-03
495	0.475	0.025	0.1	-1.7100e-03
496	0.475	0.05	0.	-1.6963e-03
497	0.475	0.05	0.025	-1.7063e-03
498	0.475	0.05	0.05	-1.6931e-03
499	0.475	0.05	0.075	-1.7114e-03
500	0.475	0.05	0.1	-1.7072e-03
501	0.5	-0.05	0.	-1.8740e-03
502	0.5	-0.05	0.025	-1.8680e-03
503	0.5	-0.05	0.05	-1.8700e-03
504	0.5	-0.05	0.075	-1.8802e-03
505	0.5	-0.05	0.1	-1.8642e-03
506	0.5	-0.025	0.	-1.8788e-03
507	0.5	-0.025	0.025	-1.8689e-03
508	0.5	-0.025	0.05	-1.8624e-03
509	0.5	-0.025	0.075	-1.8842e-03
510	0.5	-0.025	0.1	-1.8850e-03
511	0.5	0.	0.	-1.8710e-03
512	0.5	0.	0.025	-1.8709e-03
513	0.5	0.	0.05	-1.8731e-03
514	0.5	0.	0.075	-1.8689e-03
515	0.5	0.	0.1	-1.8702e-03
516	0.5	0.025	0.	-1.8784e-03
517	0.5	0.025	0.025	-1.8906e-03
518	0.5	0.025	0.05	-1.8723e-03
519	0.5	0.025	0.075	-1.8827e-03
520	0.5	0.025	0.1	-1.8776e-03
521	0.5	0.05	0.	-1.8625e-03
522	0.5	0.05	0.025	-1.8748e-03
523	0.5	0.05	0.05	-1.8739e-03
524	0.5	0.05	0.075	-1.8860e-03
525	0.5	0.05	0.1	-1.8863e-03
526	0.525	-0.05	0.	-2.0496e-03
527	0.525	-0.05	0.025	-2.0565e-03
528	0.525	-0.05	0.05	-2.0453e-03
529	0.525	-0.05	0.075	-2.0557e-03
530	0.525	-0.05	0.1	-2.0473e-03
531	0.525	-0.025	0.	-2.0555e-03
532	0.525	-0.025	0.025	-2.0563e-03
533	0.525	-0.025	0.05	-2.0524e-03
534	0.525	-0.025	0.075	-2.0404e-03
535	0.525	-0.025	0.1	-2.0431e-03
536	0.525	0.	0.	-2.0527e-03
537	0.525	0.	0.025	-2.0538e-03
538	0.525	0.	0.05	-2.0478e-03
539	0.525	0.	0.075	-2.0440e-03
540	0.525	0.	0.1	-2.0481e-03
541	0.525	0.025	0.	-2.0442e-03
542	0.525	0.025	0.025	-2.0443e-03
543	0.525	0.025	0.05	-2.0626e-03
544	0.525	0.025	0.075	-2.0426e-03
545	0.525	0.025	0.1	-2.0507e-03
546	0.525	0.05	0.	-2.0478e-03
547	0.525	0.05	0.025	-2.0365e-03
548	0.525	0.05	0.05	-2.0362e-03
549	0.525	0.05	0.075	-2.0459e-03
550	0.525	0.05	0.1	-2.0305e-03
551	0.55	-0.05	0.	-2.2397e-03
552	0.55	-0.05	0.025	-2.2202e-03
553	0.55	-0.05	0.05	-2.2194e-03
554	0.55	-0.05	0.075	-2.2343e-03
555	0.55	-0.05	0.1	-2.2221e-03
556	0.55	-0.025	0.	-2.2292e-03
557	0.55	-0.025	0.025	-2.2183e-03
558	0.55	-0.025	0.05	-2.2238e-03
559	0.55	-0.025	0.075	-2.2320e-03
560	0.55	-0.025	0.1	-2.2157e-03
561	0.55	0.	0.	-2.2281e-03
562	0.55	0.	0.025	-2.2019e-03
563	0.55	0.	0.05	-2.2346e-03
564	0.55	0.	0.075	-2.2184e-03
565	0.55	0.	0.1	-2.2226e-03
566	0.55	0.025	0.	-2.2225e-03
567	0.55	0.025	0.025	-2.2147e-03
568	0.55	0.025	0.05	-2.2140e-03
569	0.55	0.025	0.075	-2.2280e-03
570	0.55	0.025	0.1	-2.2284e-03
571	0.55	0.05	0.	-2.2155e-03
572	0.55	0.05	0.025	-2.2282e-03
573	0.55	0.05	0.05	-2.2283e-03
574	0.55	0.05	0.075	-2.2200e-03
575	0.55	0.05	0.1	-2.2119e-03
576	0.575	-0.05	0.	-2.4049e-03
577	0.575	-0.05	0.025	-2.4088e-03
578	0.575	-0.05	0.05	-2.4047e-03
579	0.575	-0.05	0.075	-2.3996e-03
580	0.575	-0.05	0.1	-2.4098e-03
581	0.575	-0.025	0.	-2.4175e-03
582	0.575	-0.025	0.025	-2.3979e-03
583	0.575	-0.025	0.05	-2.4024e-03
584	0.575	-0.025	0.075	-2.4317e-03
585	0.575	-0.025	0.1	-2.4081e-03
586	0.575	0.	0.	-2.3931e-03
587	0.575	0.	0.025	-2.4007e-03
588	0.575	0.	0.05	-2.3980e-03
589	0.575	0.	0.075	-2.4090e-03
590	0.575	0.	0.1	-2.4083e-03
591	0.575	0.025	0.	-2.3992e-03
592	0.575	0.025	0.025	-2.4232e-03
593	0.575	0.025	0.05	-2.4061e-03
594	0.575	0.025	0.075	-2.4009e-03
595	0.575	0.025	0.1	-2.3935e-03
596	0.575	0.05	0.	-2.3967e-03
597	0.575	0.05	0.025	-2.3933e-03
598	0.575	0.05	0.05	-2.4035e-03
599	0.575	0.05	0.075	-2.3968e-03
600	0.575	0.05	0.1	-2.4128e-03
601	0.6	-0.05	0.	-2.5859e-03
602	0.6	-0.05	0.025	-2.6007e-03
603	0.6	-0.05	0.05	-2.5971e-03
604	0.6	-0.05	0.075	-2.5987e-03
605	0.6	-0.05	0.1	-2.6013e-03
606	0.6	-0.025	0.	-2.6127e-03
607	0.6	-0.025	0.025	-2.5832e-03
608	0.6	-0.025	0.05	-2.6008e-03
609	0.6	-0.025	0.075	-2.5961e-03
610	0.6	-0.025	0.1	-2.6030e-03
611	0.6	0.	0.	-2.5931e-03
612	0.6	0.	0.025	-2.6042e-03
613	0.6	0.	0.05	-2.5786e-03
614	0.6	0.	0.075	-2.5816e-03
615	0.6	0.	0.1	-2.5861e-03
616	0.6	0.025	0.	-2.5912e-03
617	0.6	0.025	0.025	-2.5925e-03
618	0.6	0.025	0.05	-2.5843e-03
619	0.6	0.025	0.075	-2.5817e-03
620	0.6	0.025	0.1	-2.5852e-03
621	0.6	0.05	0.	-2.5743e-03
622	0.6	0.05	0.025	-2.5890e-03
623	0.6	0.05	0.05	-2.5914e-03
624	0.6	0.05	0.075	-2.5966e-03
625	0.6	0.05	0.1	-2.5937e-03
626	0.625	-0.05	0.	-2.8032e-03
627	0.625	-0.05	0.025	-2.7922e-03
628	0.625	-0.05	0.05	-2.7914e-03
629	0.625	-0.05	0.075	-2.7873e-03
630	0.625	-0.05	0.1	-2.7892e-03
631	0.625	-0.025	0.	-2.7807e-03
632	0.625	-0.025	0.025	-2.7843e-03
633	0.625	-0.025	0.05	-2.8046e-03
634	0.625	-0.025	0.075	-2.7824e-03
635	0.625	-0.025	0.1	-2.7684e-03
636	0.625	0.	0.	-2.7910e-03
637	0.625	0.	0.025	-2.7929e-03
638	0.625	0.	0.05	-2.7849e-03
639	0.625	0.	0.075	-2.7623e-03
640	0.625	0.	0.1	-2.7975e-03
641	0.625	0.025	0.	-2.7858e-03
642	0.625	0.025	0.025	-2.7797e-03
643	0.625	0.025	0.05	-2.7964e-03
644	0.625	0.025	0.075	-2.7607e-03
645	0.625	0.025	0.1	-2.7844e-03
646	0.625	0.05	0.	-2.7772e-03
647	0.625	0.05	0.025	-2.7998e-03
648	0.625	0.05	0.05	-2.7859e-03
649	0.625	0.05	0.075	-2.7736e-03
650	0.625	0.05	0.1	-2.7959e-03
651	0.65	-0.05	0.	-2.9493e-03
652	0.65	-0.05	0.025	-2.9847e-03
653	0.65	-0.05	0.05	-2.9636e-03
654	0.65	-0.05	0.075	-2.9731e-03
655	0.65	-0.05	0.1	-2.9758e-03
656	0.65	-0.025	0.	-2.9895e-03
657	0.65	-0.025	0.025	-3.0049e-03
658	0.65	-0.025	0.05	-2.9574e-03
659	0.65	-0.025	0.075	-2.9839e-03
660	0.65	-0.025	0.1	-3.0049e-03
661	0.65	0.	0.	-2.9718e-03
662	0.65	0.	0.025	-2.9711e-03
663	0.65	0.	0.05	-2.9814e-03
664	0.65	0.	0.075	-2.9885e-03
665	0.65	0.	0.1	-2.9865e-03
666	0.65	0.025	0.	-2.9744e-03
667	0.65	0.025	0.025	-2.9691e-03
668	0.65	0.025	0.05	-2.9943e-03
669	0.65	0.025	0.075	-2.9694e-03
670	0.65	0.025	0.1	-2.9558e-03
671	0.65	0.05	0.	-2.9613e-03
672	0.65	0.05	0.025	-2.9718e-03
673	0.65	0.05	0.05	-2.9964e-03
674	0.65	0.05	0.075	-2.9645e-03
675	0.65	0.05	0.1	-2.9968e-03
676	0.675	-0.05	0.	-3.1946e-03
677	0.675	-0.05	0.025	-3.1808e-03
678	0.675	-0.05	0.05	-3.1456e-03
679	0.675	-0.05	0.075	-3.1629e-03
680	0.675	-0.05	0.1	-3.1699e-03
681	0.675	-0.025	0.	-3.2000e-03
682	0.675	-0.025	0.025	-3.1707e-03
683	0.675	-0.025	0.05	-3.1682e-03
684	0.675	-0.025	0.075	-3.1804e-03
685	0.675	-0.025	0.1	-3.1601e-03
686	0.675	0.	0.	-3.1777e-03
687	0.675	0.	0.025	-3.1678e-03
688	0.675	0.	0.05	-3.2122e-03
689	0.675	0.	0.075	-3.1663e-03
690	0.675	0.	0.1	-3.2025e-03
691	0.675	0.025	0.	-3.1635e-03
692	0.675	0.025	0.025	-3.1813e-03
693	0.675	0.025	0.05	-3.1843e-03
694	0.675	0.025	0.075	-3.1798e-03
695	0.675	0.025	0.1	-3.1790e-03
696	0.675	0.05	0.	-3.1889e-03
697	0.675	0.05	0.025	-3.1833e-03
698	0.675	0.05	0.05	-3.1758e-03
699	0.675	0.05	0.075	-3.1694e-03
700	0.675	0.05	0.1	-3.1759e-03
701	0.7	-0.05	0.	-3.3786e-03
702	0.7	-0.05	0.025	-3.3783e-03
703	0.7	-0.05	0.05	-3.3820e-03
704	0.7	-0.05	0.075	-3.3619e-03
705	0.7	-0.05	0.1	-3.3671e-03
706	0.7	-0.025	0.	-3.3922e-03
707	0.7	-0.025	0.025	-3.3506e-03
708	0.7	-0.025	0.05	-3.3972e-03
709	0.7	-0.025	0.075	-3.3734e-03
710	0.7	-0.025	0.1	-3.4036e-03
711	0.7	0.	0.	-3.3976e-03
712	0.7	0.	0.025	-3.3766e-03
713	0.7	0.	0.05	-3.3780e-03
714	0.7	0.	0.075	-3.4025e-03
715	0.7	0.	0.1	-3.3982e-03
716	0.7	0.025	0.	-3.3942e-03
717	0.7	0.025	0.025	-3.3965e-03
718	0.7	0.025	0.05	-3.3663e-03
719	0.7	0.025	0.075	-3.3838e-03
720	0.7	0.025	0.1	-3.3706e-03
721	0.7	0.05	0.	-3.3659e-03
722	0.7	0.05	0.025	-3.3832e-03
723	0.7	0.05	0.05	-3.3754e-03
724	0.7	0.05	0.075	-3.3788e-03
725	0.7	0.05	0.1	-3.3742e-03
726	0.725	-0.05	0.	-3.5694e-03
727	0.725	-0.05	0.025	-3.6117e-03
728	0.725	-0.05	0.05	-3.5896e-03
729	0.725	-0.05	0.075	-3.5667e-03
730	0.725	-0.05	0.1	-3.5900e-03
731	0.725	-0.025	0.	-3.6092e-03
732	0.725	-0.025	0.025	-3.6011e-03
733	0.725	-0.025	0.05	-3.5799e-03
734	0.725	-0.025	0.075	-3.5803e-03
735	0.725	-0.025	0.1	-3.5737e-03
736	0.725	0.	0.	-3.5767e-03
737	0.725	0.	0.025	-3.5779e-03
738	0.725	0.	0.05	-3.5663e-03
739	0.725	0.	0.075	-3.5810e-03
740	0.725	0.	0.1	-3.5923e-03
741	0.725	0.025	0.	-3.5814e-03
742	0.725	0.025	0.025	-3.5905e-03
743	0.725	0.025	0.05	-3.6107e-03
744	0.725	0.025	0.075	-3.6137e-03
745	0.725	0.025	0.1	-3.5864e-03
746	0.725	0.05	0.	-3.6000e-03
747	0.725	0.05	0.025	-3.5850e-03
748	0.725	0.05	0.05	-3.5804e-03
749	0.725	0.05	0.075	-3.5714e-03
750	0.725	0.05	0.1	-3.5886e-03
751	0.75	-0.05	0.	-3.8133e-03
752	0.75	-0.05	0.025	-3.7775e-03
753	0.75	-0.05	0.05	-3.7925e-03
754	0.75	-0.05	0.075	-3.7918e-03
755	0.75	-0.05	0.1	-3.8006e-03
756	0.75	-0.025	0.	-3.8009e-03
757	0.75	-0.025	0.025	-3.8050e-03
758	0.75	-0.025	0.05	-3.8257e-03
759	0.75	-0.025	0.075	-3.7837e-03
760	0.75	-0.025	0.1	-3.7828e-03
761	0.75	0.	0.	-3.8006e-03
762	0.75	0.	0.025	-3.8189e-03
763	0.75	0.	0.05	-3.7747e-03
764	0.75	0.	0.075	-3.8019e-03
765	0.75	0.	0.1	-3.7938e-03
766	0.75	0.025	0.	-3.8098e-03
767	0.75	0.025	0.025	-3.8064e-03
768	0.75	0.025	0.05	-3.7976e-03
769	0.75	0.025	0.075	-3.8043e-03
770	0.75	0.025	0.1	-3.7869e-03
771	0.75	0.05	0.	-3.8090e-03
772	0.75	0.05	0.025	-3.8179e-03
773	0.75	0.05	0.05	-3.7984e-03
774	0.75	0.05	0.075	-3.7907e-03
775	0.75	0.05	0.1	-3.7947e-03
776	0.775	-0.05	0.	-4.0218e-03
777	0.775	-0.05	0.025	-4.0085e-03
778	0.775	-0.05	0.05	-3.9899e-03
779	0.775	-0.05	0.075	-4.0244e-03
780	0.775	-0.05	0.1	-3.9934e-03
781	0.775	-0.025	0.	-4.0160e-03
782	0.775	-0.025	0.025	-3.9792e-03
783	0.775	-0.025	0.05	-4.0109e-03
784	0.775	-0.025	0.075	-4.0081e-03
785	0.775	-0.025	0.1	-3.9776e-03
786	0.775	0.	0.	-4.0145e-03
787	0.775	0.	0.025	-3.9915e-03
788	0.775	0.	0.05	-4.0105e-03
789	0.775	0.	0.075	-4.0026e-03
790	0.775	0.	0.1	-3.9854e-03
791	0.775	0.025	0.	-3.9924e-03
792	0.775	0.025	0.025	-3.9937e-03
793	0.775	0.025	0.05	-4.0249e-03
794	0.775	0.025	0.075	-4.0226e-03
795	0.775	0.025	0.1	-4.0444e-03
796	0.775	0.05	0.	-4.0010e-03
797	0.775	0.05	0.025	-4.0004e-03
798	0.775	0.05	0.05	-4.0113e-03
799	0.775	0.05	0.075	-4.0035e-03
800	0.775	0.05	0.1	-3.9998e-03
801	0.8	-0.05	0.	-4.2249e-03
802	0.8	-0.05	0.025	-4.2359e-03
803	0.8	-0.05	0.05	-4.1883e-03
804	0.8	-0.05	0.075	-4.2143e-03
805	0.8	-0.05	0.1	-4.2003e-03
806	0.8	-0.025	0.	-4.2214e-03
807	0.8	-0.025	0.025	-4.2313e-03
808	0.8	-0.025	0.05	-4.2429e-03
809	0.8	-0.025	0.075	-4.2167e-03
810	0.8	-0.025	0.1	-4.2258e-03
811	0.8	0.	0.	-4.1956e-03
812	0.8	0.	0.025	-4.2095e-03
813	0.8	0.	0.05	-4.2275e-03
814	0.8	0.	0.075	-4.2010e-03
815	0.8	0.	0.1	-4.2449e-03
816	0.8	0.025	0.	-4.2328e-03
817	0.8	0.025	0.025	-4.2087e-03
818	0.8	0.025	0.05	-4.1990e-03
819	0.8	0.025	0.075	-4.2118e-03
820	0.8	0.025	0.1	-4.2088e-03
821	0.8	0.05	0.	-4.2034e-03
822	0.8	0.05	0.025	-4.2002e-03
823	0.8	0.05	0.05	-4.2201e-03
824	0.8	0.05	0.075	-4.2364e-03
825	0.8	0.05	0.1	-4.2120e-03
826	0.825	-0.05	0.	-4.4490e-03
827	0.825	-0.05	0.025	-4.4353e-03
828	0.825	-0.05	0.05	-4.4520e-03
829	0.825	-0.05	0.075	-4.4271e-03
830	0.825	-0.05	0.1	-4.4461e-03
831	0.825	-0.025	0.	-4.4432e-03
832	0.825	-0.025	0.025	-4.4653e-03
833	0.825	-0.025	0.05	-4.4510e-03
834	0.825	-0.025	0.075	-4.4456e-03
835	0.825	-0.025	0.1	-4.4150e-03
836	0.825	0.	0.	-4.4317e-03
837	0.825	0.	0.025	-4.4269e-03
838	0.825	0.	0.05	-4.4265e-03
839	0.825	0.	0.075	-4.4414e-03
840	0.825	0.	0.1	-4.4454e-03
841	0.825	0.025	0.	-4.4461e-03
842	0.825	0.025	0.025	-4.4635e-03
843	0.825	0.025	0.05	-4.4497e-03
844	0.825	0.025	0.075	-4.4193e-03
845	0.825	0.025	0.1	-4.4447e-03
846	0.825	0.05	0.	-4.4515e-03
847	0.825	0.05	0.025	-4.4635e-03
848	0.825	0.05	0.05	-4.4383e-03
849	0.825	0.05	0.075	-4.4385e-03
850	0.825	0.05	0.1	-4.4602e-03
851	0.85	-0.05	0.	-4.6635e-03
852	0.85	-0.05	0.025	-4.6303e-03
853	0.85	-0.05	0.05	-4.6263e-03
854	0.85	-0.05	0.075	-4.6944e-03
855	0.85	-0.05	0.1	-4.6282e-03
856	0.85	-0.025	0.	-4.6570e-03
857	0.85	-0.025	0.025	-4.6766e-03
858	0.85	-0.025	0.05	-4.6272e-03
859	0.85	-0.025	0.075	-4.6400e-03
860	0.85	-0.025	0.1	-4.6369e-03
861	0.85	0.	0.	-4.6937e-03
862	0.85	0.	0.025	-4.6977e-03
863	0.85	0.	0.05	-4.6464e-03
864	0.85	0.	0.075	-4.6709e-03
865	0.85	0.	0.1	-4.6659e-03
866	0.85	0.025	0.	-4.6549e-03
867	0.85	0.025	0.025	-4.6298e-03
868	0.85	0.025	0.05	-4.7031e-03
869	0.85	0.025	0.075	-4.6263e-03
870	0.85	0.025	0.1	-4.6641e-03
871	0.85	0.05	0.	-4.6481e-03
872	0.85	0.05	0.025	-4.6789e-03
873	0.85	0.05	0.05	-4.6759e-03
874	0.85	0.05	0.075	-4.6419e-03
875	0.85	0.05	0.1	-4.6454e-03
876	0.875	-0.05	0.	-4.8506e-03
877	0.875	-0.05	0.025	-4.8847e-03
878	0.875	-0.05	0.05	-4.8947e-03
879	0.875	-0.05	0.075	-4.8722e-03
880	0.875	-0.05	0.1	-4.8761e-03
881	0.875	-0.025	0.	-4.9181e-03
882	0.875	-0.025	0.025	-4.8991e-03
883	0.875	-0.025	0.05	-4.9072e-03
884	0.875	-0.025	0.075	-4.8371e-03
885	0.875	-0.025	0.1	-4.8915e-03
886	0.875	0.	0.	-4.8858e-03
887	0.875	0.	0.025	-4.8564e-03
888	0.875	0.	0.05	-4.8605e-03
889	0.875	0.	0.075	-4.8766e-03
890	0.875	0.	0.1	-4.8547e-03
891	0.875	0.025	0.	-4.8653e-03
892	0.875	0.025	0.025	-4.8718e-03
893	0.875	0.025	0.05	-4.8921e-03
894	0.875	0.025	0.075	-4.8671e-03
895	0.875	0.025	0.1	-4.8721e-03
896	0.875	0.05	0.	-4.9009e-03
897	0.875	0.05	0.025	-4.8464e-03
898	0.875	0.05	0.05	-4.8853e-03
899	0.875	0.05	0.075	-4.8885e-03
900	0.875	0.05	0.1	-4.8890e-03
901	0.9	-0.05	0.	-5.0928e-03
902	0.9	-0.05	0.025	-5.0813e-03
903	0.9	-0.05	0.05	-5.1340e-03
904	0.9	-0.05	0.075	-5.0855e-03
905	0.9	-0.05	0.1	-5.0802e-03
906	0.9	-0.025	0.	-5.1034e-03
907	0.9	-0.025	0.025	-5.0879e-03
908	0.9	-0.025	0.05	-5.1244e-03
909	0.9	-0.025	0.075	-5.0976e-03
910	0.9	-0.025	0.1	-5.1271e-03
911	0.9	0.	0.	-5.1122e-03
912	0.9	0.	0.025	-5.0951e-03
913	0.9	0.	0.05	-5.1257e-03
914	0.9	0.	0.075	-5.0897e-03
915	0.9	0.	0.1	-5.0965e-03
916	0.9	0.025	0.	-5.1138e-03
917	0.9	0.025	0.025	-5.1076e-03
918	0.9	0.025	0.05	-5.0892e-03
919	0.9	0.025	0.075	-5.0716e-03
920	0.9	0.025	0.1	-5.1026e-03
921	0.9	0.05	0.	-5.0882e-03
922	0.9	0.05	0.025	-5.1036e-03
923	0.9	0.05	0.05	-5.0944e-03
924	0.9	0.05	0.075	-5.0884e-03
925	0.9	0.05	0.1	-5.0975e-03
926	0.925	-0.05	0.	-5.3247e-03
927	0.925	-0.05	0.025	-5.3411e-03
928	0.925	-0.05	0.05	-5.3353e-03
929	0.925	-0.05	0.075	-5.3709e-03
930	0.925	-0.05	0.1	-5.3293e-03
931	0.925	-0.025	0.	-5.3119e-03
932	0.925	-0.025	0.025	-5.3227e-03
933	0.925	-0.025	0.05	-5.3384e-03
934	0.925	-0.025	0.075	-5.3476e-03
935	0.925	-0.025	0.1	-5.3548e-03
936	0.925	0.	0.	-5.3046e-03
937	0.925	0.	0.025	-5.3536e-03
938	0.925	0.	0.05	-5.3253e-03
939	0.925	0.	0.075	-5.3065e-03
940	0.925	0.	0.1	-5.3219e-03
941	0.925	0.025	0.	-5.3521e-03
942	0.925	0.025	0.025	-5.3360e-03
943	0.925	0.025	0.05	-5.3004e-03
944	0.925	0.025	0.075	-5.3006e-03
945	0.925	0.025	0.1	-5.3000e-03
946	0.925	0.05	0.	-5.3107e-03
947	0.925	0.05	0.025	-5.3279e-03
948	0.925	0.05	0.05	-5.3023e-03
949	0.925	0.05	0.075	-5.3171e-03
950	0.925	0.05	0.1	-5.3561e-03
951	0.95	-0.05	0.	-5.5863e-03
952	0.95	-0.05	0.025	-5.5848e-03
953	0.95	-0.05	0.05	-5.5105e-03
954	0.95	-0.05	0.075	-5.5875e-03
955	0.95	-0.05	0.1	-5.5524e-03
956	0.95	-0.025	0.	-5.5521e-03
957	0.95	-0.025	0.025	-5.5732e-03
958	0.95	-0.025	0.05	-5.5660e-03
959	0.95	-0.025	0.075	-5.5089e-03
960	0.95	-0.025	0.1	-5.5368e-03
961	0.95	0.	0.	-5.5422e-03
962	0.95	0.	0.025	-5.5208e-03
963	0.95	0.	0.05	-5.5725e-03
964	0.95	0.	0.075	-5.5823e-03
965	0.95	0.	0.1	-5.5501e-03
966	0.95	0.025	0.	-5.5570e-03
967	0.95	0.025	0.025	-5.5501e-03
968	0.95	0.025	0.05	-5.5526e-03
969	0.95	0.025	0.075	-5.5752e-03
970	0.95	0.025	0.1	-5.5112e-03
971	0.95	0.05	0.	-5.5612e-03
972	0.95	0.05	0.025	-5.5506e-03
973	0.95	0.05	0.05	-5.5345e-03
974	0.95	0.05	0.075	-5.5392e-03
975	0.95	0.05	0.1	-5.5911e-03
976	0.975	-0.05	0.	-5.7444e-03
977	0.975	-0.05	0.025	-5.7712e-03
978	0.975	-0.05	0.05	-5.8127e-03
979	0.975	-0.05	0.075	-5.7457e-03
980	0.975	-0.05	0.1	-5.7645e-03
981	0.975	-0.025	0.	-5.7760e-03
982	0.975	-0.025	0.025	-5.7846e-03
983	0.975	-0.025	0.05	-5.7732e-03
984	0.975	-0.025	0.075	-5.7544e-03
985	0.975	-0.025	0.1	-5.7854e-03
986	0.975	0.	0.	-5.7727e-03
987	0.975	0.	0.025	-5.7895e-03
988	0.975	0.	0.05	-5.7964e-03
989	0.975	0.	0.075	-5.7407e-03
990	0.975	0.	0.1	-5.7989e-03
991	0.975	0.025	0.	-5.7692e-03
992	0.975	0.025	0.025	-5.7941e-03
993	0.975	0.025	0.05	-5.7865e-03
994	0.975	0.025	0.075	-5.8179e-03
995	0.975	0.025	0.1	-5.7752e-03
996	0.975	0.05	0.	-5.7657e-03
997	0.975	0.05	0.025	-5.7632e-03
998	0.975	0.05	0.05	-5.7511e-03
999	0.975	0.05	0.075	-5.7937e-03
1000	0.975	0.05	0.1	-5.7496e-03
1001	1	-0.05	0.	-6.0192e-03
1002	1	-0.05	0.025	-5.9946e-03
1003	1	-0.05	0.05	-5.9577e-03
1004	1	-0.05	0.075	-6.0357e-03
1005	1	-0.05	0.1	-5.9190e-03
1006	1	-0.025	0.	-5.9980e-03
1007	1	-0.025	0.025	-6.0056e-03
1008	1	-0.025	0.05	-5.9447e-03
1009	1	-0.025	0.075	-6.0106e-03
1010	1	-0.025	0.1	-5.9839e-03
1011	1	0.	0.	-5.9940e-03
1012	1	0.	0.025	-6.0322e-03
1013	1	0.	0.05	-6.0034e-03
1014	1	0.	0.075	-5.9916e-03
1015	1	0.	0.1	-5.9959e-03
1016	1	0.025	0.	-6.0426e-03
1017	1	0.025	0.025	-6.0097e-03
1018	1	0.025	0.05	-5.9788e-03
1019	1	0.025	0.075	-5.9883e-03
1020	1	0.025	0.1	-5.9714e-03
1021	1	0.05	0.	-5.9892e-03
1022	1	0.05	0.025	-6.0386e-03
1023	1	0.05	0.05	-5.9960e-03
1024	1	0.05	0.075	-5.9679e-03
1025	1	0.05	0.1	-6.0103e-03
