Node Number	X Location (m)	Y Location (m)	Z Location (m)	Directional Deformation (m)
1	0.	-0.05	0.	-0.0000e+00
2	0.	-0.05	0.025	-0.0000e+00
3	0.	-0.05	0.05	-0.0000e+00
4	0.	-0.05	0.075	-0.0000e+00
5	0.	-0.05	0.1	-0.0000e+00
6	0.	-0.025	0.	-0.0000e+00
7	0.	-0.025	0.025	-0.0000e+00
8	0.	-0.025	0.05	-0.0000e+00
9	0.	-0.025	0.075	-0.0000e+00
10	0.	-0.025	0.1	-0.0000e+00
11	0.	0.	0.	-0.0000e+00
12	0.	0.	0.025	-0.0000e+00
13	0.	0.	0.05	-0.0000e+00
14	0.	0.	0.075	-0.0000e+00
15	0.	0.	0.1	-0.0000e+00
16	0.	0.025	0.	-0.0000e+00
17	0.	0.025	0.025	-0.0000e+00
18	0.	0.025	0.05	-0.0000e+00
19	0.	0.025	0.075	-0.0000e+00
20	0.	0.025	0.1	-0.0000e+00
21	0.	0.05	0.	-0.0000e+00
22	0.	0.05	0.025	-0.0000e+00
23	0.	0.05	0.05	-0.0000e+00
24	0.	0.05	0.075	-0.0000e+00
25	0.	0.05	0.1	-0.0000e+00
26	0.025	-0.05	0.	-7.4319e-06
27	0.025	-0.05	0.025	-7.4068e-06
28	0.025	-0.05	0.05	-7.4415e-06
29	0.025	-0.05	0.075	-7.4578e-06
30	0.025	-0.05	0.1	-7.4310e-06
31	0.025	-0.025	0.	-7.4107e-06
32	0.025	-0.025	0.025	-7.4445e-06
33	0.025	-0.025	0.05	-7.5102e-06
34	0.025	-0.025	0.075	-7.3729e-06
35	0.025	-0.025	0.1	-7.4444e-06
36	0.025	0.	0.	-7.4213e-06
37	0.025	0.	0.025	-7.4248e-06
38	0.025	0.	0.05	-7.4344e-06
39	0.025	0.	0.075	-7.4273e-06
40	0.025	0.	0.1	-7.4554e-06
41	0.025	0.025	0.	-7.4303e-06
42	0.025	0.025	0.025	-7.3732e-06
43	0.025	0.025	0.05	-7.4756e-06
44	0.025	0.025	0.075	-7.4711e-06
45	0.025	0.025	0.1	-7.4194e-06
46	0.025	0.05	0.	-7.4390e-06
47	0.025	0.05	0.025	-7.4737e-06
48	0.025	0.05	0.05	-7.4682e-06
49	0.025	0.05	0.075	-7.4779e-06
50	0.025	0.05	0.1	-7.4486e-06
51	0.05	-0.05	0.	-2.9591e-05
52	0.05	-0.05	0.025	-2.9666e-05
53	0.05	-0.05	0.05	-2.9459e-05
54	0.05	-0.05	0.075	-2.9552e-05
55	0.05	-0.05	0.1	-2.9247e-05
56	0.05	-0.025	0.	-2.9314e-05
57	0.05	-0.025	0.025	-2.9559e-05
58	0.05	-0.025	0.05	-2.9577e-05
59	0.05	-0.025	0.075	-2.9454e-05
60	0.05	-0.025	0.1	-2.9428e-05
61	0.05	0.	0.	-2.9458e-05
62	0.05	0.	0.025	-2.9523e-05
63	0.05	0.	0.05	-2.9227e-05
64	0.05	0.	0.075	-2.9555e-05
65	0.05	0.	0.1	-2.9504e-05
66	0.05	0.025	0.	-2.9529e-05
67	0.05	0.025	0.025	-2.9485e-05
68	0.05	0.025	0.05	-2.9337e-05
69	0.05	0.025	0.075	-2.9370e-05
70	0.05	0.025	0.1	-2.9680e-05
71	0.05	0.05	0.	-2.9424e-05
72	0.05	0.05	0.025	-2.9595e-05
73	0.05	0.05	0.05	-2.9372e-05
74	0.05	0.05	0.075	-2.9498e-05
75	0.05	0.05	0.1	-2.9448e-05
76	0.075	-0.05	0.	-6.5737e-05
77	0.075	-0.05	0.025	-6.5723e-05
78	0.075	-0.05	0.05	-6.6193e-05
79	0.075	-0.05	0.075	-6.6320e-05
80	0.075	-0.05	0.1	-6.5875e-05
81	0.075	-0.025	0.	-6.5704e-05
82	0.075	-0.025	0.025	-6.5463e-05
83	0.075	-0.025	0.05	-6.5444e-05
84	0.075	-0.025	0.075	-6.6194e-05
85	0.075	-0.025	0.1	-6.5426e-05
86	0.075	0.	0.	-6.5697e-05
87	0.075	0.	0.025	-6.5853e-05
88	0.075	0.	0.05	-6.5128e-05
89	0.075	0.	0.075	-6.5483e-05
90	0.075	0.	0.1	-6.5460e-05
91	0.075	0.025	0.	-6.5637e-05
92	0.075	0.025	0.025	-6.5881e-05
93	0.075	0.025	0.05	-6.6083e-05
94	0.075	0.025	0.075	-6.5638e-05
95	0.075	0.025	0.1	-6.5691e-05
96	0.075	0.05	0.	-6.5781e-05
97	0.075	0.05	0.025	-6.5600e-05
98	0.075	0.05	0.05	-6.5922e-05
99	0.075	0.05	0.075	-6.5931e-05
100	0.075	0.05	0.1	-6.5096e-05
101	0.1	-0.05	0.	-1.1630e-04
102	0.1	-0.05	0.025	-1.1606e-04
103	0.1	-0.05	0.05	-1.1612e-04
104	0.1	-0.05	0.075	-1.1655e-04
105	0.1	-0.05	0.1	-1.1517e-04
106	0.1	-0.025	0.	-1.1542e-04
107	0.1	-0.025	0.025	-1.1597e-04
108	0.1	-0.025	0.05	-1.1492e-04
109	0.1	-0.025	0.075	-1.1590e-04
110	0.1	-0.025	0.1	-1.1639e-04
111	0.1	0.	0.	-1.1618e-04
112	0.1	0.	0.025	-1.1604e-04
113	0.1	0.	0.05	-1.1589e-04
114	0.1	0.	0.075	-1.1580e-04
115	0.1	0.	0.1	-1.1577e-04
116	0.1	0.025	0.	-1.1611e-04
117	0.1	0.025	0.025	-1.1528e-04
118	0.1	0.025	0.05	-1.1668e-04
119	0.1	0.025	0.075	-1.1566e-04
120	0.1	0.025	0.1	-1.1626e-04
121	0.1	0.05	0.	-1.1604e-04
122	0.1	0.05	0.025	-1.1546e-04
123	0.1	0.05	0.05	-1.1660e-04
124	0.1	0.05	0.075	-1.1650e-04
125	0.1	0.05	0.1	-1.1527e-04
126	0.125	-0.05	0.	-1.7963e-04
127	0.125	-0.05	0.025	-1.7984e-04
128	0.125	-0.05	0.05	-1.7820e-04
129	0.125	-0.05	0.075	-1.7816e-04
130	0.125	-0.05	0.1	-1.7909e-04
131	0.125	-0.025	0.	-1.7874e-04
132	0.125	-0.025	0.025	-1.7894e-04
133	0.125	-0.025	0.05	-1.7874e-04
134	0.125	-0.025	0.075	-1.7960e-04
135	0.125	-0.025	0.1	-1.7905e-04
136	0.125	0.	0.	-1.8049e-04
137	0.125	0.	0.025	-1.7982e-04
138	0.125	0.	0.05	-1.8026e-04
139	0.125	0.	0.075	-1.7847e-04
140	0.125	0.	0.1	-1.7924e-04
141	0.125	0.025	0.	-1.7979e-04
142	0.125	0.025	0.025	-1.8001e-04
143	0.125	0.025	0.05	-1.7922e-04
144	0.125	0.025	0.075	-1.7933e-04
145	0.125	0.025	0.1	-1.7941e-04
146	0.125	0.05	0.	-1.7947e-04
147	0.125	0.05	0.025	-1.8124e-04
148	0.125	0.05	0.05	-1.7991e-04
149	0.125	0.05	0.075	-1.7972e-04
150	0.125	0.05	0.1	-1.7878e-04
151	0.15	-0.05	0.	-2.5523e-04
152	0.15	-0.05	0.025	-2.5628e-04
153	0.15	-0.05	0.05	-2.5766e-04
154	0.15	-0.05	0.075	-2.5630e-04
155	0.15	-0.05	0.1	-2.5634e-04
156	0.15	-0.025	0.	-2.5574e-04
157	0.15	-0.025	0.025	-2.5471e-04
158	0.15	-0.025	0.05	-2.5695e-04
159	0.15	-0.025	0.075	-2.5624e-04
160	0.15	-0.025	0.1	-2.5696e-04
161	0.15	0.	0.	-2.5666e-04
162	0.15	0.	0.025	-2.5551e-04
163	0.15	0.	0.05	-2.5673e-04
164	0.15	0.	0.075	-2.5518e-04
165	0.15	0.	0.1	-2.5672e-04
166	0.15	0.025	0.	-2.5644e-04
167	0.15	0.025	0.025	-2.5808e-04
168	0.15	0.025	0.05	-2.5561e-04
169	0.15	0.025	0.075	-2.5514e-04
170	0.15	0.025	0.1	-2.5608e-04
171	0.15	0.05	0.	-2.5712e-04
172	0.15	0.05	0.025	-2.5363e-04
173	0.15	0.05	0.05	-2.5740e-04
174	0.15	0.05	0.075	-2.5629e-04
175	0.15	0.05	0.1	-2.5533e-04
176	0.175	-0.05	0.	-3.4555e-04
177	0.175	-0.05	0.025	-3.4504e-04
178	0.175	-0.05	0.05	-3.4437e-04
179	0.175	-0.05	0.075	-3.4338e-04
180	0.175	-0.05	0.1	-3.4707e-04
181	0.175	-0.025	0.	-3.4529e-04
182	0.175	-0.025	0.025	-3.4552e-04
183	0.175	-0.025	0.05	-3.4723e-04
184	0.175	-0.025	0.075	-3.4614e-04
185	0.175	-0.025	0.1	-3.4390e-04
186	0.175	0.	0.	-3.4699e-04
187	0.175	0.	0.025	-3.4812e-04
188	0.175	0.	0.05	-3.4676e-04
189	0.175	0.	0.075	-3.4487e-04
190	0.175	0.	0.1	-3.4402e-04
191	0.175	0.025	0.	-3.4481e-04
192	0.175	0.025	0.025	-3.4621e-04
193	0.175	0.025	0.05	-3.4804e-04
194	0.175	0.025	0.075	-3.4501e-04
195	0.175	0.025	0.1	-3.4516e-04
196	0.175	0.05	0.	-3.4748e-04
197	0.175	0.05	0.025	-3.4546e-04
198	0.175	0.05	0.05	-3.4844e-04
199	0.175	0.05	0.075	-3.4586e-04
200	0.175	0.05	0.1	-3.4768e-04
201	0.2	-0.05	0.	-4.4869e-04
202	0.2	-0.05	0.025	-4.4927e-04
203	0.2	-0.05	0.05	-4.4768e-04
204	0.2	-0.05	0.075	-4.4780e-04
205	0.2	-0.05	0.1	-4.4875e-04
206	0.2	-0.025	0.	-4.4943e-04
207	0.2	-0.025	0.025	-4.4894e-04
208	0.2	-0.025	0.05	-4.4483e-04
209	0.2	-0.025	0.075	-4.4846e-04
210	0.2	-0.025	0.1	-4.4682e-04
211	0.2	0.	0.	-4.4702e-04
212	0.2	0.	0.025	-4.4882e-04
213	0.2	0.	0.05	-4.5104e-04
214	0.2	0.	0.075	-4.4758e-04
215	0.2	0.	0.1	-4.5154e-04
216	0.2	0.025	0.	-4.4603e-04
217	0.2	0.025	0.025	-4.5021e-04
218	0.2	0.025	0.05	-4.4877e-04
219	0.2	0.025	0.075	-4.4837e-04
220	0.2	0.025	0.1	-4.5048e-04
221	0.2	0.05	0.	-4.4686e-04
222	0.2	0.05	0.025	-4.5029e-04
223	0.2	0.05	0.05	-4.4763e-04
224	0.2	0.05	0.075	-4.4685e-04
225	0.2	0.05	0.1	-4.4562e-04
226	0.225	-0.05	0.	-5.6550e-04
227	0.225	-0.05	0.025	-5.6450e-04
228	0.225	-0.05	0.05	-5.6086e-04
229	0.225	-0.05	0.075	-5.6316e-04
230	0.225	-0.05	0.1	-5.6222e-04
231	0.225	-0.025	0.	-5.6114e-04
232	0.225	-0.025	0.025	-5.6411e-04
233	0.225	-0.025	0.05	-5.6053e-04
234	0.225	-0.025	0.075	-5.5701e-04
235	0.225	-0.025	0.1	-5.6252e-04
236	0.225	0.	0.	-5.6209e-04
237	0.225	0.	0.025	-5.6060e-04
238	0.225	0.	0.05	-5.5993e-04
239	0.225	0.	0.075	-5.5843e-04
240	0.225	0.	0.1	-5.6112e-04
241	0.225	0.025	0.	-5.5997e-04
242	0.225	0.025	0.025	-5.6411e-04
243	0.225	0.025	0.05	-5.6310e-04
244	0.225	0.025	0.075	-5.6085e-04
245	0.225	0.025	0.1	-5.6311e-04
246	0.225	0.05	0.	-5.6170e-04
247	0.225	0.05	0.025	-5.6133e-04
248	0.225	0.05	0.05	-5.6181e-04
249	0.225	0.05	0.075	-5.6592e-04
250	0.225	0.05	0.1	-5.6339e-04
251	0.25	-0.05	0.	-6.8668e-04
252	0.25	-0.05	0.025	-6.8996e-04
253	0.25	-0.05	0.05	-6.8986e-04
254	0.25	-0.05	0.075	-6.8821e-04
255	0.25	-0.05	0.1	-6.8660e-04
256	0.25	-0.025	0.	-6.8641e-04
257	0.25	-0.025	0.025	-6.8454e-04
258	0.25	-0.025	0.05	-6.8800e-04
259	0.25	-0.025	0.075	-6.8582e-04
260	0.25	-0.025	0.1	-6.8630e-04
261	0.25	0.	0.	-6.8922e-04
262	0.25	0.	0.025	-6.9214e-04
263	0.25	0.	0.05	-6.8853e-04
264	0.25	0.	0.075	-6.8721e-04
265	0.25	0.	0.1	-6.8745e-04
266	0.25	0.025	0.	-6.9063e-04
267	0.25	0.025	0.025	-6.8857e-04
268	0.25	0.025	0.05	-6.8803e-04
269	0.25	0.025	0.075	-6.8823e-04
270	0.25	0.025	0.1	-6.8357e-04
271	0.25	0.05	0.	-6.8857e-04
272	0.25	0.05	0.025	-6.8509e-04
273	0.25	0.05	0.05	-6.8858e-04
274	0.25	0.05	0.075	-6.8548e-04
275	0.25	0.05	0.1	-6.8913e-04
276	0.275	-0.05	0.	-8.2381e-04
277	0.275	-0.05	0.025	-8.2054e-04
278	0.275	-0.05	0.05	-8.2335e-04
279	0.275	-0.05	0.075	-8.3159e-04
280	0.275	-0.05	0.1	-8.1682e-04
281	0.275	-0.025	0.	-8.2486e-04
282	0.275	-0.025	0.025	-8.2098e-04
283	0.275	-0.025	0.05	-8.2885e-04
284	0.275	-0.025	0.075	-8.2700e-04
285	0.275	-0.025	0.1	-8.2493e-04
286	0.275	0.	0.	-8.2734e-04
287	0.275	0.	0.025	-8.2512e-04
288	0.275	0.	0.05	-8.2433e-04
289	0.275	0.	0.075	-8.2234e-04
290	0.275	0.	0.1	-8.2312e-04
291	0.275	0.025	0.	-8.2278e-04
292	0.275	0.025	0.025	-8.2435e-04
293	0.275	0.025	0.05	-8.1807e-04
294	0.275	0.025	0.075	-8.2771e-04
295	0.275	0.025	0.1	-8.3073e-04
296	0.275	0.05	0.	-8.2289e-04
297	0.275	0.05	0.025	-8.2819e-04
298	0.275	0.05	0.05	-8.2387e-04
299	0.275	0.05	0.075	-8.2233e-04
300	0.275	0.05	0.1	-8.2305e-04
301	0.3	-0.05	0.	-9.7233e-04
302	0.3	-0.05	0.025	-9.6920e-04
303	0.3	-0.05	0.05	-9.7436e-04
304	0.3	-0.05	0.075	-9.6998e-04
305	0.3	-0.05	0.1	-9.6783e-04
306	0.3	-0.025	0.	-9.7192e-04
307	0.3	-0.025	0.025	-9.6930e-04
308	0.3	-0.025	0.05	-9.7073e-04
309	0.3	-0.025	0.075	-9.7179e-04
310	0.3	-0.025	0.1	-9.6679e-04
311	0.3	0.	0.	-9.7767e-04
312	0.3	0.	0.025	-9.7516e-04
313	0.3	0.	0.05	-9.6955e-04
314	0.3	0.	0.075	-9.7193e-04
315	0.3	0.	0.1	-9.7447e-04
316	0.3	0.025	0.	-9.7281e-04
317	0.3	0.025	0.025	-9.7931e-04
318	0.3	0.025	0.05	-9.7107e-04
319	0.3	0.025	0.075	-9.7662e-04
320	0.3	0.025	0.1	-9.6681e-04
321	0.3	0.05	0.	-9.6741e-04
322	0.3	0.05	0.025	-9.7855e-04
323	0.3	0.05	0.05	-9.7032e-04
324	0.3	0.05	0.075	-9.6746e-04
325	0.3	0.05	0.1	-9.7181e-04
326	0.325	-0.05	0.	-1.1359e-03
327	0.325	-0.05	0.025	-1.1267e-03
328	0.325	-0.05	0.05	-1.1300e-03
329	0.325	-0.05	0.075	-1.1218e-03
330	0.325	-0.05	0.1	-1.1281e-03
331	0.325	-0.025	0.	-1.1347e-03
332	0.325	-0.025	0.025	-1.1266e-03
333	0.325	-0.025	0.05	-1.1244e-03
334	0.325	-0.025	0.075	-1.1267e-03
335	0.325	-0.025	0.1	-1.1274e-03
336	0.325	0.	0.	-1.1336e-03
337	0.325	0.	0.025	-1.1319e-03
338	0.325	0.	0.05	-1.1328e-03
339	0.325	0.	0.075	-1.1303e-03
340	0.325	0.	0.1	-1.1274e-03
341	0.325	0.025	0.	-1.1267e-03
342	0.325	0.025	0.025	-1.1321e-03
343	0.325	0.025	0.05	-1.1374e-03
344	0.325	0.025	0.075	-1.1259e-03
345	0.325	0.025	0.1	-1.1256e-03
346	0.325	0.05	0.	-1.1251e-03
347	0.325	0.05	0.025	-1.1339e-03
348	0.325	0.05	0.05	-1.1300e-03
349	0.325	0.05	0.075	-1.1327e-03
350	0.325	0.05	0.1	-1.1279e-03
351	0.35	-0.05	0.	-1.3017e-03
352	0.35	-0.05	0.025	-1.2970e-03
353	0.35	-0.05	0.05	-1.2905e-03
354	0.35	-0.05	0.075	-1.3033e-03
355	0.35	-0.05	0.1	-1.2983e-03
356	0.35	-0.025	0.	-1.2969e-03
357	0.35	-0.025	0.025	-1.3000e-03
358	0.35	-0.025	0.05	-1.2910e-03
359	0.35	-0.025	0.075	-1.3007e-03
360	0.35	-0.025	0.1	-1.2954e-03
361	0.35	0.	0.	-1.2977e-03
362	0.35	0.	0.025	-1.3044e-03
363	0.35	0.	0.05	-1.3018e-03
364	0.35	0.	0.075	-1.2976e-03
365	0.35	0.	0.1	-1.2980e-03
366	0.35	0.025	0.	-1.2852e-03
367	0.35	0.025	0.025	-1.2942e-03
368	0.35	0.025	0.05	-1.2994e-03
369	0.35	0.025	0.075	-1.2945e-03
370	0.35	0.025	0.1	-1.2916e-03
371	0.35	0.05	0.	-1.3010e-03
372	0.35	0.05	0.025	-1.3053e-03
373	0.35	0.05	0.05	-1.2948e-03
374	0.35	0.05	0.075	-1.3030e-03
375	0.35	0.05	0.1	-1.3023e-03
376	0.375	-0.05	0.	-1.4708e-03
377	0.375	-0.05	0.025	-1.4723e-03
378	0.375	-0.05	0.05	-1.4872e-03
379	0.375	-0.05	0.075	-1.4700e-03
380	0.375	-0.05	0.1	-1.4730e-03
381	0.375	-0.025	0.	-1.4882e-03
382	0.375	-0.025	0.025	-1.4732e-03
383	0.375	-0.025	0.05	-1.4846e-03
384	0.375	-0.025	0.075	-1.4705e-03
385	0.375	-0.025	0.1	-1.4774e-03
386	0.375	0.	0.	-1.4830e-03
387	0.375	0.	0.025	-1.4738e-03
388	0.375	0.	0.05	-1.4772e-03
389	0.375	0.	0.075	-1.4810e-03
390	0.375	0.	0.1	-1.4712e-03
391	0.375	0.025	0.	-1.4898e-03
392	0.375	0.025	0.025	-1.4827e-03
393	0.375	0.025	0.05	-1.4745e-03
394	0.375	0.025	0.075	-1.4752e-03
395	0.375	0.025	0.1	-1.4879e-03
396	0.375	0.05	0.	-1.4745e-03
397	0.375	0.05	0.025	-1.4738e-03
398	0.375	0.05	0.05	-1.4833e-03
399	0.375	0.05	0.075	-1.4683e-03
400	0.375	0.05	0.1	-1.4761e-03
401	0.4	-0.05	0.	-1.6646e-03
402	0.4	-0.05	0.025	-1.6593e-03
403	0.4	-0.05	0.05	-1.6536e-03
404	0.4	-0.05	0.075	-1.6645e-03
405	0.4	-0.05	0.1	-1.6686e-03
406	0.4	-0.025	0.	-1.6595e-03
407	0.4	-0.025	0.025	-1.6561e-03
408	0.4	-0.025	0.05	-1.6724e-03
409	0.4	-0.025	0.075	-1.6675e-03
410	0.4	-0.025	0.1	-1.6616e-03
411	0.4	0.	0.	-1.6701e-03
412	0.4	0.	0.025	-1.6656e-03
413	0.4	0.	0.05	-1.6759e-03
414	0.4	0.	0.075	-1.6684e-03
415	0.4	0.	0.1	-1.6547e-03
416	0.4	0.025	0.	-1.6596e-03
417	0.4	0.025	0.025	-1.6599e-03
418	0.4	0.025	0.05	-1.6661e-03
419	0.4	0.025	0.075	-1.6620e-03
420	0.4	0.025	0.1	-1.6565e-03
421	0.4	0.05	0.	-1.6679e-03
422	0.4	0.05	0.025	-1.6707e-03
423	0.4	0.05	0.05	-1.6633e-03
424	0.4	0.05	0.075	-1.6654e-03
425	0.4	0.05	0.1	-1.6576e-03
426	0.425	-0.05	0.	-1.8565e-03
427	0.425	-0.05	0.025	-1.8569e-03
428	0.425	-0.05	0.05	-1.8646e-03
429	0.425	-0.05	0.075	-1.8623e-03
430	0.425	-0.05	0.1	-1.8580e-03
431	0.425	-0.025	0.	-1.8577e-03
432	0.425	-0.025	0.025	-1.8458e-03
433	0.425	-0.025	0.05	-1.8724e-03
434	0.425	-0.025	0.075	-1.8449e-03
435	0.425	-0.025	0.1	-1.8636e-03
436	0.425	0.	0.	-1.8607e-03
437	0.425	0.	0.025	-1.8585e-03
438	0.425	0.	0.05	-1.8604e-03
439	0.425	0.	0.075	-1.8555e-03
440	0.425	0.	0.1	-1.8653e-03
441	0.425	0.025	0.	-1.8507e-03
442	0.425	0.025	0.025	-1.8629e-03
443	0.425	0.025	0.05	-1.8554e-03
444	0.425	0.025	0.075	-1.8573e-03
445	0.425	0.025	0.1	-1.8575e-03
446	0.425	0.05	0.	-1.8592e-03
447	0.425	0.05	0.025	-1.8642e-03
448	0.425	0.05	0.05	-1.8602e-03
449	0.425	0.05	0.075	-1.8674e-03
450	0.425	0.05	0.1	-1.8682e-03
451	0.45	-0.05	0.	-2.0681e-03
452	0.45	-0.05	0.025	-2.0711e-03
453	0.45	-0.05	0.05	-2.0822e-03
454	0.45	-0.05	0.075	-2.0538e-03
455	0.45	-0.05	0.1	-2.0744e-03
456	0.45	-0.025	0.	-2.0783e-03
457	0.45	-0.025	0.025	-2.0691e-03
458	0.45	-0.025	0.05	-2.0812e-03
459	0.45	-0.025	0.075	-2.0802e-03
460	0.45	-0.025	0.1	-2.0627e-03
461	0.45	0.	0.	-2.0633e-03
462	0.45	0.	0.025	-2.0699e-03
463	0.45	0.	0.05	-2.0603e-03
464	0.45	0.	0.075	-2.0879e-03
465	0.45	0.	0.1	-2.0720e-03
466	0.45	0.025	0.	-2.0659e-03
467	0.45	0.025	0.025	-2.0538e-03
468	0.45	0.025	0.05	-2.0676e-03
469	0.45	0.025	0.075	-2.0557e-03
470	0.45	0.025	0.1	-2.0718e-03
471	0.45	0.05	0.	-2.0448e-03
472	0.45	0.05	0.025	-2.0769e-03
473	0.45	0.05	0.05	-2.0620e-03
474	0.45	0.05	0.075	-2.0515e-03
475	0.45	0.05	0.1	-2.0654e-03
476	0.475	-0.05	0.	-2.2790e-03
477	0.475	-0.05	0.025	-2.2782e-03
478	0.475	-0.05	0.05	-2.2914e-03
479	0.475	-0.05	0.075	-2.2823e-03
480	0.475	-0.05	0.1	-2.2861e-03
481	0.475	-0.025	0.	-2.2765e-03
482	0.475	-0.025	0.025	-2.2827e-03
483	0.475	-0.025	0.05	-2.2669e-03
484	0.475	-0.025	0.075	-2.2812e-03
485	0.475	-0.025	0.1	-2.2719e-03
486	0.475	0.	0.	-2.2908e-03
487	0.475	0.	0.025	-2.2795e-03
488	0.475	0.	0.05	-2.2849e-03
489	0.475	0.	0.075	-2.2812e-03
490	0.475	0.	0.1	-2.2953e-03
491	0.475	0.025	0.	-2.2646e-03
492	0.475	0.025	0.025	-2.2778e-03
493	0.475	0.025	0.05	-2.2701e-03
494	0.475	0.025	0.075	-2.2601e-03
495	0.475	0.025	0.1	-2.2695e-03
496	0.475	0.05	0.	-2.2895e-03
497	0.475	0.05	0.025	-2.2785e-03
498	0.475	0.05	0.05	-2.2768e-03
499	0.475	0.05	0.075	-2.2859e-03
500	0.475	0.05	0.1	-2.2799e-03
501	0.5	-0.05	0.	-2.5061e-03
502	0.5	-0.05	0.025	-2.5032e-03
503	0.5	-0.05	0.05	-2.5054e-03
504	0.5	-0.05	0.075	-2.4955e-03
505	0.5	-0.05	0.1	-2.5105e-03
506	0.5	-0.025	0.	-2.4879e-03
507	0.5	-0.025	0.025	-2.4991e-03
508	0.5	-0.025	0.05	-2.5110e-03
509	0.5	-0.025	0.075	-2.4985e-03
510	0.5	-0.025	0.1	-2.4957e-03
511	0.5	0.	0.	-2.5229e-03
512	0.5	0.	0.025	-2.5142e-03
513	0.5	0.	0.05	-2.5014e-03
514	0.5	0.	0.075	-2.4903e-03
515	0.5	0.	0.1	-2.4796e-03
516	0.5	0.025	0.	-2.5071e-03
517	0.5	0.025	0.025	-2.5127e-03
518	0.5	0.025	0.05	-2.5040e-03
519	0.5	0.025	0.075	-2.4829e-03
520	0.5	0.025	0.1	-2.5016e-03
521	0.5	0.05	0.	-2.4951e-03
522	0.5	0.05	0.025	-2.5016e-03
523	0.5	0.05	0.05	-2.5194e-03
524	0.5	0.05	0.075	-2.5079e-03
525	0.5	0.05	0.1	-2.5058e-03
526	0.525	-0.05	0.	-2.7282e-03
527	0.525	-0.05	0.025	-2.7332e-03
528	0.525	-0.05	0.05	-2.7208e-03
529	0.525	-0.05	0.075	-2.7347e-03
530	0.525	-0.05	0.1	-2.7266e-03
531	0.525	-0.025	0.	-2.7197e-03
532	0.525	-0.025	0.025	-2.7376e-03
533	0.525	-0.025	0.05	-2.7043e-03
534	0.525	-0.025	0.075	-2.7227e-03
535	0.525	-0.025	0.1	-2.7354e-03
536	0.525	0.	0.	-2.7421e-03
537	0.525	0.	0.025	-2.7338e-03
538	0.525	0.	0.05	-2.7214e-03
539	0.525	0.	0.075	-2.7281e-03
540	0.525	0.	0.1	-2.7319e-03
541	0.525	0.025	0.	-2.7457e-03
542	0.525	0.025	0.025	-2.7387e-03
543	0.525	0.025	0.05	-2.7388e-03
544	0.525	0.025	0.075	-2.7294e-03
545	0.525	0.025	0.1	-2.7170e-03
546	0.525	0.05	0.	-2.7133e-03
547	0.525	0.05	0.025	-2.7254e-03
548	0.525	0.05	0.05	-2.7363e-03
549	0.525	0.05	0.075	-2.7232e-03
550	0.525	0.05	0.1	-2.7349e-03
551	0.55	-0.05	0.	-2.9551e-03
552	0.55	-0.05	0.025	-2.9569e-03
553	0.55	-0.05	0.05	-2.9812e-03
554	0.55	-0.05	0.075	-2.9736e-03
555	0.55	-0.05	0.1	-2.9609e-03
556	0.55	-0.025	0.	-2.9547e-03
557	0.55	-0.025	0.025	-2.9758e-03
558	0.55	-0.025	0.05	-2.9749e-03
559	0.55	-0.025	0.075	-2.9721e-03
560	0.55	-0.025	0.1	-2.9624e-03
561	0.55	0.	0.	-2.9515e-03
562	0.55	0.	0.025	-2.9643e-03
563	0.55	0.	0.05	-2.9812e-03
564	0.55	0.	0.075	-2.9537e-03
565	0.55	0.	0.1	-2.9651e-03
566	0.55	0.025	0.	-2.9839e-03
567	0.55	0.025	0.025	-2.9609e-03
568	0.55	0.025	0.05	-2.9630e-03
569	0.55	0.025	0.075	-2.9485e-03
570	0.55	0.025	0.1	-2.9719e-03
571	0.55	0.05	0.	-2.9557e-03
572	0.55	0.05	0.025	-2.9461e-03
573	0.55	0.05	0.05	-2.9532e-03
574	0.55	0.05	0.075	-2.9670e-03
575	0.55	0.05	0.1	-2.9458e-03
576	0.575	-0.05	0.	-3.1893e-03
577	0.575	-0.05	0.025	-3.2142e-03
578	0.575	-0.05	0.05	-3.2061e-03
579	0.575	-0.05	0.075	-3.1953e-03
580	0.575	-0.05	0.1	-3.2029e-03
581	0.575	-0.025	0.	-3.2294e-03
582	0.575	-0.025	0.025	-3.2235e-03
583	0.575	-0.025	0.05	-3.2057e-03
584	0.575	-0.025	0.075	-3.2175e-03
585	0.575	-0.025	0.1	-3.2086e-03
586	0.575	0.	0.	-3.1843e-03
587	0.575	0.	0.025	-3.1820e-03
588	0.575	0.	0.05	-3.1954e-03
589	0.575	0.	0.075	-3.1868e-03
590	0.575	0.	0.1	-3.2105e-03
591	0.575	0.025	0.	-3.2000e-03
592	0.575	0.025	0.025	-3.2125e-03
593	0.575	0.025	0.05	-3.2127e-03
594	0.575	0.025	0.075	-3.2159e-03
595	0.575	0.025	0.1	-3.1951e-03
596	0.575	0.05	0.	-3.2137e-03
597	0.575	0.05	0.025	-3.1948e-03
598	0.575	0.05	0.05	-3.2162e-03
599	0.575	0.05	0.075	-3.2227e-03
600	0.575	0.05	0.1	-3.2163e-03
601	0.6	-0.05	0.	-3.4536e-03
602	0.6	-0.05	0.025	-3.4638e-03
603	0.6	-0.05	0.05	-3.4348e-03
604	0.6	-0.05	0.075	-3.4317e-03
605	0.6	-0.05	0.1	-3.4625e-03
606	0.6	-0.025	0.	-3.4741e-03
607	0.6	-0.025	0.025	-3.4390e-03
608	0.6	-0.025	0.05	-3.4562e-03
609	0.6	-0.025	0.075	-3.4621e-03
610	0.6	-0.025	0.1	-3.4475e-03
611	0.6	0.	0.	-3.4513e-03
612	0.6	0.	0.025	-3.4645e-03
613	0.6	0.	0.05	-3.4575e-03
614	0.6	0.	0.075	-3.4576e-03
615	0.6	0.	0.1	-3.4424e-03
616	0.6	0.025	0.	-3.4556e-03
617	0.6	0.025	0.025	-3.4505e-03
618	0.6	0.025	0.05	-3.4512e-03
619	0.6	0.025	0.075	-3.4485e-03
620	0.6	0.025	0.1	-3.4556e-03
621	0.6	0.05	0.	-3.4440e-03
622	0.6	0.05	0.025	-3.4562e-03
623	0.6	0.05	0.05	-3.4510e-03
624	0.6	0.05	0.075	-3.4431e-03
625	0.6	0.05	0.1	-3.4291e-03
626	0.625	-0.05	0.	-3.7250e-03
627	0.625	-0.05	0.025	-3.7220e-03
628	0.625	-0.05	0.05	-3.6990e-03
629	0.625	-0.05	0.075	-3.7211e-03
630	0.625	-0.05	0.1	-3.6957e-03
631	0.625	-0.025	0.	-3.7064e-03
632	0.625	-0.025	0.025	-3.7031e-03
633	0.625	-0.025	0.05	-3.7068e-03
634	0.625	-0.025	0.075	-3.7205e-03
635	0.625	-0.025	0.1	-3.7050e-03
636	0.625	0.	0.	-3.7059e-03
637	0.625	0.	0.025	-3.7220e-03
638	0.625	0.	0.05	-3.7119e-03
639	0.625	0.	0.075	-3.7022e-03
640	0.625	0.	0.1	-3.7145e-03
641	0.625	0.025	0.	-3.7257e-03
642	0.625	0.025	0.025	-3.7266e-03
643	0.625	0.025	0.05	-3.6913e-03
644	0.625	0.025	0.075	-3.6920e-03
645	0.625	0.025	0.1	-3.7258e-03
646	0.625	0.05	0.	-3.7067e-03
647	0.625	0.05	0.025	-3.6783e-03
648	0.625	0.05	0.05	-3.7001e-03
649	0.625	0.05	0.075	-3.7044e-03
650	0.625	0.05	0.1	-3.7063e-03
651	0.65	-0.05	0.	-3.9837e-03
652	0.65	-0.05	0.025	-3.9567e-03
653	0.65	-0.05	0.05	-3.9864e-03
654	0.65	-0.05	0.075	-3.9760e-03
655	0.65	-0.05	0.1	-3.9511e-03
656	0.65	-0.025	0.	-3.9664e-03
657	0.65	-0.025	0.025	-3.9794e-03
658	0.65	-0.025	0.05	-3.9721e-03
659	0.65	-0.025	0.075	-3.9775e-03
660	0.65	-0.025	0.1	-3.9622e-03
661	0.65	0.	0.	-3.9803e-03
662	0.65	0.	0.025	-3.9652e-03
663	0.65	0.	0.05	-4.0119e-03
664	0.65	0.	0.075	-3.9505e-03
665	0.65	0.	0.1	-4.0144e-03
666	0.65	0.025	0.	-3.9564e-03
667	0.65	0.025	0.025	-3.9917e-03
668	0.65	0.025	0.05	-3.9846e-03
669	0.65	0.025	0.075	-3.9571e-03
670	0.65	0.025	0.1	-3.9810e-03
671	0.65	0.05	0.	-3.9636e-03
672	0.65	0.05	0.025	-3.9759e-03
673	0.65	0.05	0.05	-3.9738e-03
674	0.65	0.05	0.075	-3.9660e-03
675	0.65	0.05	0.1	-3.9646e-03
676	0.675	-0.05	0.	-4.2431e-03
677	0.675	-0.05	0.025	-4.2220e-03
678	0.675	-0.05	0.05	-4.2226e-03
679	0.675	-0.05	0.075	-4.2535e-03
680	0.675	-0.05	0.1	-4.2446e-03
681	0.675	-0.025	0.	-4.2152e-03
682	0.675	-0.025	0.025	-4.2203e-03
683	0.675	-0.025	0.05	-4.2011e-03
684	0.675	-0.025	0.075	-4.2527e-03
685	0.675	-0.025	0.1	-4.2490e-03
686	0.675	0.	0.	-4.2189e-03
687	0.675	0.	0.025	-4.2483e-03
688	0.675	0.	0.05	-4.2710e-03
689	0.675	0.	0.075	-4.2112e-03
690	0.675	0.	0.1	-4.2269e-03
691	0.675	0.025	0.	-4.2109e-03
692	0.675	0.025	0.025	-4.2534e-03
693	0.675	0.025	0.05	-4.2357e-03
694	0.675	0.025	0.075	-4.2306e-03
695	0.675	0.025	0.1	-4.2412e-03
696	0.675	0.05	0.	-4.2279e-03
697	0.675	0.05	0.025	-4.2305e-03
698	0.675	0.05	0.05	-4.2420e-03
699	0.675	0.05	0.075	-4.2270e-03
700	0.675	0.05	0.1	-4.2294e-03
701	0.7	-0.05	0.	-4.5052e-03
702	0.7	-0.05	0.025	-4.5096e-03
703	0.7	-0.05	0.05	-4.5188e-03
704	0.7	-0.05	0.075	-4.5185e-03
705	0.7	-0.05	0.1	-4.4810e-03
706	0.7	-0.025	0.	-4.5334e-03
707	0.7	-0.025	0.025	-4.5091e-03
708	0.7	-0.025	0.05	-4.5020e-03
709	0.7	-0.025	0.075	-4.4917e-03
710	0.7	-0.025	0.1	-4.5439e-03
711	0.7	0.	0.	-4.5506e-03
712	0.7	0.	0.025	-4.5417e-03
713	0.7	0.	0.05	-4.5102e-03
714	0.7	0.	0.075	-4.5142e-03
715	0.7	0.	0.1	-4.5349e-03
716	0.7	0.025	0.	-4.5037e-03
717	0.7	0.025	0.025	-4.5178e-03
718	0.7	0.025	0.05	-4.5121e-03
719	0.7	0.025	0.075	-4.5426e-03
720	0.7	0.025	0.1	-4.5339e-03
721	0.7	0.05	0.	-4.5055e-03
722	0.7	0.05	0.025	-4.5355e-03
723	0.7	0.05	0.05	-4.5079e-03
724	0.7	0.05	0.075	-4.4982e-03
725	0.7	0.05	0.1	-4.5029e-03
726	0.725	-0.05	0.	-4.7860e-03
727	0.725	-0.05	0.025	-4.7682e-03
728	0.725	-0.05	0.05	-4.7733e-03
729	0.725	-0.05	0.075	-4.7556e-03
730	0.725	-0.05	0.1	-4.7675e-03
731	0.725	-0.025	0.	-4.7877e-03
732	0.725	-0.025	0.025	-4.8031e-03
733	0.725	-0.025	0.05	-4.8007e-03
734	0.725	-0.025	0.075	-4.7914e-03
735	0.725	-0.025	0.1	-4.7539e-03
736	0.725	0.	0.	-4.7667e-03
737	0.725	0.	0.025	-4.7794e-03
738	0.725	0.	0.05	-4.8016e-03
739	0.725	0.	0.075	-4.7725e-03
740	0.725	0.	0.1	-4.7599e-03
741	0.725	0.025	0.	-4.8109e-03
742	0.725	0.025	0.025	-4.7691e-03
743	0.725	0.025	0.05	-4.7616e-03
744	0.725	0.025	0.075	-4.7875e-03
745	0.725	0.025	0.1	-4.7822e-03
746	0.725	0.05	0.	-4.7736e-03
747	0.725	0.05	0.025	-4.7832e-03
748	0.725	0.05	0.05	-4.7655e-03
749	0.725	0.05	0.075	-4.7734e-03
750	0.725	0.05	0.1	-4.7825e-03
751	0.75	-0.05	0.	-5.0213e-03
752	0.75	-0.05	0.025	-5.0818e-03
753	0.75	-0.05	0.05	-5.0347e-03
754	0.75	-0.05	0.075	-5.0435e-03
755	0.75	-0.05	0.1	-5.0828e-03
756	0.75	-0.025	0.	-5.0740e-03
757	0.75	-0.025	0.025	-5.0643e-03
758	0.75	-0.025	0.05	-5.0279e-03
759	0.75	-0.025	0.075	-5.0502e-03
760	0.75	-0.025	0.1	-5.0581e-03
761	0.75	0.	0.	-5.0596e-03
762	0.75	0.	0.025	-5.0856e-03
763	0.75	0.	0.05	-5.1029e-03
764	0.75	0.	0.075	-5.0750e-03
765	0.75	0.	0.1	-5.0517e-03
766	0.75	0.025	0.	-5.0871e-03
767	0.75	0.025	0.025	-5.0506e-03
768	0.75	0.025	0.05	-5.0094e-03
769	0.75	0.025	0.075	-5.0372e-03
770	0.75	0.025	0.1	-5.0145e-03
771	0.75	0.05	0.	-5.0547e-03
772	0.75	0.05	0.025	-5.0589e-03
773	0.75	0.05	0.05	-5.0302e-03
774	0.75	0.05	0.075	-5.0452e-03
775	0.75	0.05	0.1	-5.0336e-03
776	0.775	-0.05	0.	-5.3428e-03
777	0.775	-0.05	0.025	-5.3273e-03
778	0.775	-0.05	0.05	-5.3672e-03
779	0.775	-0.05	0.075	-5.3492e-03
780	0.775	-0.05	0.1	-5.3799e-03
781	0.775	-0.025	0.	-5.3358e-03
782	0.775	-0.025	0.025	-5.3914e-03
783	0.775	-0.025	0.05	-5.3456e-03
784	0.775	-0.025	0.075	-5.3343e-03
785	0.775	-0.025	0.1	-5.3971e-03
786	0.775	0.	0.	-5.3065e-03
787	0.775	0.	0.025	-5.3337e-03
788	0.775	0.	0.05	-5.3100e-03
789	0.775	0.	0.075	-5.3063e-03
790	0.775	0.	0.1	-5.3014e-03
791	0.775	0.025	0.	-5.3588e-03
792	0.775	0.025	0.025	-5.3171e-03
793	0.775	0.025	0.05	-5.3401e-03
794	0.775	0.025	0.075	-5.3646e-03
795	0.775	0.025	0.1	-5.3555e-03
796	0.775	0.05	0.	-5.3544e-03
797	0.775	0.05	0.025	-5.3715e-03
798	0.775	0.05	0.05	-5.3800e-03
799	0.775	0.05	0.075	-5.3188e-03
800	0.775	0.05	0.1	-5.3559e-03
801	0.8	-0.05	0.	-5.6259e-03
802	0.8	-0.05	0.025	-5.6287e-03
803	0.8	-0.05	0.05	-5.5979e-03
804	0.8	-0.05	0.075	-5.6200e-03
805	0.8	-0.05	0.1	-5.6225e-03
806	0.8	-0.025	0.	-5.6642e-03
807	0.8	-0.025	0.025	-5.6060e-03
808	0.8	-0.025	0.05	-5.5783e-03
809	0.8	-0.025	0.075	-5.6319e-03
810	0.8	-0.025	0.1	-5.6037e-03
811	0.8	0.	0.	-5.6289e-03
812	0.8	0.	0.025	-5.6469e-03
813	0.8	0.	0.05	-5.6298e-03
814	0.8	0.	0.075	-5.6223e-03
815	0.8	0.	0.1	-5.6285e-03
816	0.8	0.025	0.	-5.6511e-03
817	0.8	0.025	0.025	-5.6060e-03
818	0.8	0.025	0.05	-5.6484e-03
819	0.8	0.025	0.075	-5.6094e-03
820	0.8	0.025	0.1	-5.6456e-03
821	0.8	0.05	0.	-5.5972e-03
822	0.8	0.05	0.025	-5.6442e-03
823	0.8	0.05	0.05	-5.6297e-03
824	0.8	0.05	0.075	-5.6342e-03
825	0.8	0.05	0.1	-5.6536e-03
826	0.825	-0.05	0.	-5.9020e-03
827	0.825	-0.05	0.025	-5.9208e-03
828	0.825	-0.05	0.05	-5.9286e-03
829	0.825	-0.05	0.075	-5.9144e-03
830	0.825	-0.05	0.1	-5.9384e-03
831	0.825	-0.025	0.	-5.9292e-03
832	0.825	-0.025	0.025	-5.9077e-03
833	0.825	-0.025	0.05	-5.9513e-03
834	0.825	-0.025	0.075	-5.9347e-03
835	0.825	-0.025	0.1	-5.9015e-03
836	0.825	0.	0.	-5.9012e-03
837	0.825	0.	0.025	-5.9162e-03
838	0.825	0.	0.05	-5.9320e-03
839	0.825	0.	0.075	-5.8690e-03
840	0.825	0.	0.1	-5.9025e-03
841	0.825	0.025	0.	-5.9078e-03
842	0.825	0.025	0.025	-5.8874e-03
843	0.825	0.025	0.05	-5.8972e-03
844	0.825	0.025	0.075	-5.9247e-03
845	0.825	0.025	0.1	-5.9099e-03
846	0.825	0.05	0.	-5.9117e-03
847	0.825	0.05	0.025	-5.8888e-03
848	0.825	0.05	0.05	-5.9164e-03
849	0.825	0.05	0.075	-5.8858e-03
850	0.825	0.05	0.1	-5.9560e-03
851	0.85	-0.05	0.	-6.2568e-03
852	0.85	-0.05	0.025	-6.2017e-03
853	0.85	-0.05	0.05	-6.1856e-03
854	0.85	-0.05	0.075	-6.2347e-03
855	0.85	-0.05	0.1	-6.2282e-03
856	0.85	-0.025	0.	-6.2601e-03
857	0.85	-0.025	0.025	-6.2667e-03
858	0.85	-0.025	0.05	-6.1631e-03
859	0.85	-0.025	0.075	-6.2423e-03
860	0.85	-0.025	0.1	-6.2080e-03
861	0.85	0.	0.	-6.2271e-03
862	0.85	0.	0.025	-6.2328e-03
863	0.85	0.	0.05	-6.2318e-03
864	0.85	0.	0.075	-6.2384e-03
865	0.85	0.	0.1	-6.1996e-03
866	0.85	0.025	0.	-6.1898e-03
867	0.85	0.025	0.025	-6.2430e-03
868	0.85	0.025	0.05	-6.1918e-03
869	0.85	0.025	0.075	-6.2598e-03
870	0.85	0.025	0.1	-6.1945e-03
871	0.85	0.05	0.	-6.2040e-03
872	0.85	0.05	0.025	-6.2088e-03
873	0.85	0.05	0.05	-6.1752e-03
874	0.85	0.05	0.075	-6.1753e-03
875	0.85	0.05	0.1	-6.2362e-03
876	0.875	-0.05	0.	-6.4630e-03
877	0.875	-0.05	0.025	-6.5734e-03
878	0.875	-0.05	0.05	-6.5054e-03
879	0.875	-0.05	0.075	-6.4810e-03
880	0.875	-0.05	0.1	-6.5188e-03
881	0.875	-0.025	0.	-6.4437e-03
882	0.875	-0.025	0.025	-6.4991e-03
883	0.875	-0.025	0.05	-6.5025e-03
884	0.875	-0.025	0.075	-6.4749e-03
885	0.875	-0.025	0.1	-6.4914e-03
886	0.875	0.	0.	-6.5475e-03
887	0.875	0.	0.025	-6.5126e-03
888	0.875	0.	0.05	-6.5182e-03
889	0.875	0.	0.075	-6.4873e-03
890	0.875	0.	0.1	-6.4734e-03
891	0.875	0.025	0.	-6.5015e-03
892	0.875	0.025	0.025	-6.4438e-03
893	0.875	0.025	0.05	-6.4793e-03
894	0.875	0.025	0.075	-6.4752e-03
895	0.875	0.025	0.1	-6.4547e-03
896	0.875	0.05	0.	-6.5247e-03
897	0.875	0.05	0.025	-6.5044e-03
898	0.875	0.05	0.05	-6.4917e-03
899	0.875	0.05	0.075	-6.5253e-03
900	0.875	0.05	0.1	-6.4650e-03
901	0.9	-0.05	0.	-6.7674e-03
902	0.9	-0.05	0.025	-6.8344e-03
903	0.9	-0.05	0.05	-6.8661e-03
904	0.9	-0.05	0.075	-6.8226e-03
905	0.9	-0.05	0.1	-6.8168e-03
906	0.9	-0.025	0.	-6.7882e-03
907	0.9	-0.025	0.025	-6.7888e-03
908	0.9	-0.025	0.05	-6.8102e-03
909	0.9	-0.025	0.075	-6.8414e-03
910	0.9	-0.025	0.1	-6.8156e-03
911	0.9	0.	0.	-6.8301e-03
912	0.9	0.	0.025	-6.7791e-03
913	0.9	0.	0.05	-6.8208e-03
914	0.9	0.	0.075	-6.7857e-03
915	0.9	0.	0.1	-6.8078e-03
916	0.9	0.025	0.	-6.8208e-03
917	0.9	0.025	0.025	-6.7895e-03
918	0.9	0.025	0.05	-6.7763e-03
919	0.9	0.025	0.075	-6.8139e-03
920	0.9	0.025	0.1	-6.8003e-03
921	0.9	0.05	0.	-6.8077e-03
922	0.9	0.05	0.025	-6.8219e-03
923	0.9	0.05	0.05	-6.8396e-03
924	0.9	0.05	0.075	-6.8221e-03
925	0.9	0.05	0.1	-6.8185e-03
926	0.925	-0.05	0.	-7.0875e-03
927	0.925	-0.05	0.025	-7.0918e-03
928	0.925	-0.05	0.05	-7.1146e-03
929	0.925	-0.05	0.075	-7.0914e-03
930	0.925	-0.05	0.1	-7.1145e-03
931	0.925	-0.025	0.	-7.0785e-03
932	0.925	-0.025	0.025	-7.1565e-03
933	0.925	-0.025	0.05	-7.1072e-03
934	0.925	-0.025	0.075	-7.1053e-03
935	0.925	-0.025	0.1	-7.0880e-03
936	0.925	0.	0.	-7.1560e-03
937	0.925	0.	0.025	-7.0661e-03
938	0.925	0.	0.05	-7.0817e-03
939	0.925	0.	0.075	-7.1259e-03
940	0.925	0.	0.1	-7.1085e-03
941	0.925	0.025	0.	-7.0853e-03
942	0.925	0.025	0.025	-7.0861e-03
943	0.925	0.025	0.05	-7.0934e-03
944	0.925	0.025	0.075	-7.1046e-03
945	0.925	0.025	0.1	-7.1458e-03
946	0.925	0.05	0.	-7.1189e-03
947	0.925	0.05	0.025	-7.1308e-03
948	0.925	0.05	0.05	-7.0894e-03
949	0.925	0.05	0.075	-7.1163e-03
950	0.925	0.05	0.1	-7.0575e-03
951	0.95	-0.05	0.	-7.4059e-03
952	0.95	-0.05	0.025	-7.4040e-03
953	0.95	-0.05	0.05	-7.4544e-03
954	0.95	-0.05	0.075	-7.4466e-03
955	0.95	-0.05	0.1	-7.3928e-03
956	0.95	-0.025	0.	-7.3763e-03
957	0.95	-0.025	0.025	-7.3771e-03
958	0.95	-0.025	0.05	-7.3918e-03
959	0.95	-0.025	0.075	-7.4390e-03
960	0.95	-0.025	0.1	-7.4128e-03
961	0.95	0.	0.	-7.4158e-03
962	0.95	0.	0.025	-7.4245e-03
963	0.95	0.	0.05	-7.3711e-03
964	0.95	0.	0.075	-7.3795e-03
965	0.95	0.	0.1	-7.4159e-03
966	0.95	0.025	0.	-7.3774e-03
967	0.95	0.025	0.025	-7.3553e-03
968	0.95	0.025	0.05	-7.3685e-03
969	0.95	0.025	0.075	-7.4317e-03
970	0.95	0.025	0.1	-7.3894e-03
971	0.95	0.05	0.	-7.4072e-03
972	0.95	0.05	0.025	-7.3699e-03
973	0.95	0.05	0.05	-7.4117e-03
974	0.95	0.05	0.075	-7.3925e-03
975	0.95	0.05	0.1	-7.4137e-03
976	0.975	-0.05	0.	-7.6853e-03
977	0.975	-0.05	0.025	-7.7156e-03
978	0.975	-0.05	0.05	-7.6838e-03
979	0.975	-0.05	0.075	-7.6976e-03
980	0.975	-0.05	0.1	-7.6917e-03
981	0.975	-0.025	0.	-7.7009e-03
982	0.975	-0.025	0.025	-7.7087e-03
983	0.975	-0.025	0.05	-7.6848e-03
984	0.975	-0.025	0.075	-7.6964e-03
985	0.975	-0.025	0.1	-7.7058e-03
986	0.975	0.	0.	-7.7157e-03
987	0.975	0.	0.025	-7.6977e-03
988	0.975	0.	0.05	-7.6727e-03
989	0.975	0.	0.075	-7.7027e-03
990	0.975	0.	0.1	-7.7207e-03
991	0.975	0.025	0.	-7.6590e-03
992	0.975	0.025	0.025	-7.6594e-03
993	0.975	0.025	0.05	-7.6797e-03
994	0.975	0.025	0.075	-7.6941e-03
995	0.975	0.025	0.1	-7.6324e-03
996	0.975	0.05	0.	-7.7177e-03
997	0.975	0.05	0.025	-7.6944e-03
998	0.975	0.05	0.05	-7.6276e-03
999	0.975	0.05	0.075	-7.6658e-03
1000	0.975	0.05	0.1	-7.6908e-03
1001	1	-0.05	0.	-7.9433e-03
1002	1	-0.05	0.025	-8.0311e-03
1003	1	-0.05	0.05	-8.0060e-03
1004	1	-0.05	0.075	-8.0217e-03
1005	1	-0.05	0.1	-7.9671e-03
1006	1	-0.025	0.	-8.0132e-03
1007	1	-0.025	0.025	-7.9789e-03
1008	1	-0.025	0.05	-7.9938e-03
1009	1	-0.025	0.075	-8.0113e-03
1010	1	-0.025	0.1	-7.9978e-03
1011	1	0.	0.	-8.0259e-03
1012	1	0.	0.025	-8.0045e-03
1013	1	0.	0.05	-7.9852e-03
1014	1	0.	0.075	-8.0270e-03
1015	1	0.	0.1	-8.0337e-03
1016	1	0.025	0.	-8.0028e-03
1017	1	0.025	0.025	-8.0428e-03
1018	1	0.025	0.05	-7.9925e-03
1019	1	0.025	0.075	-7.9959e-03
1020	1	0.025	0.1	-8.0001e-03
1021	1	0.05	0.	-7.9958e-03
1022	1	0.05	0.025	-7.9901e-03
1023	1	0.05	0.05	-7.9771e-03
1024	1	0.05	0.075	-7.9682e-03
1025	1	0.05	0.1	-8.0035e-03
