Node Number	X Location (m)	Y Location (m)	Z Location (m)	Directional Deformation (m)
1	0.	-0.05	0.	-0.0000e+00
2	0.	-0.05	0.025	-0.0000e+00
3	0.	-0.05	0.05	-0.0000e+00
4	0.	-0.05	0.075	-0.0000e+00
5	0.	-0.05	0.1	-0.0000e+00
6	0.	-0.025	0.	-0.0000e+00
7	0.	-0.025	0.025	-0.0000e+00
8	0.	-0.025	0.05	-0.0000e+00
9	0.	-0.025	0.075	-0.0000e+00
10	0.	-0.025	0.1	-0.0000e+00
11	0.	0.	0.	-0.0000e+00
12	0.	0.	0.025	-0.0000e+00
13	0.	0.	0.05	-0.0000e+00
14	0.	0.	0.075	-0.0000e+00
15	0.	0.	0.1	-0.0000e+00
16	0.	0.025	0.	-0.0000e+00
17	0.	0.025	0.025	-0.0000e+00
18	0.	0.025	0.05	-0.0000e+00
19	0.	0.025	0.075	-0.0000e+00
20	0.	0.025	0.1	-0.0000e+00
21	0.	0.05	0.	-0.0000e+00
22	0.	0.05	0.025	-0.0000e+00
23	0.	0.05	0.05	-0.0000e+00
24	0.	0.05	0.075	-0.0000e+00
25	0.	0.05	0.1	-0.0000e+00
26	0.025	-0.05	0.	-3.7134e-06
27	0.025	-0.05	0.025	-3.7113e-06
28	0.025	-0.05	0.05	-3.7051e-06
29	0.025	-0.05	0.075	-3.6956e-06
30	0.025	-0.05	0.1	-3.7083e-06
31	0.025	-0.025	0.	-3.7322e-06
32	0.025	-0.025	0.025	-3.7124e-06
33	0.025	-0.025	0.05	-3.7136e-06
34	0.025	-0.025	0.075	-3.7133e-06
35	0.025	-0.025	0.1	-3.7373e-06
36	0.025	0.	0.	-3.7049e-06
37	0.025	0.	0.025	-3.7229e-06
38	0.025	0.	0.05	-3.7177e-06
39	0.025	0.	0.075	-3.7198e-06
40	0.025	0.	0.1	-3.7224e-06
41	0.025	0.025	0.	-3.7196e-06
42	0.025	0.025	0.025	-3.7305e-06
43	0.025	0.025	0.05	-3.7183e-06
44	0.025	0.025	0.075	-3.7447e-06
45	0.025	0.025	0.1	-3.7194e-06
46	0.025	0.05	0.	-3.6934e-06
47	0.025	0.05	0.025	-3.7282e-06
48	0.025	0.05	0.05	-3.7246e-06
49	0.025	0.05	0.075	-3.7192e-06
50	0.025	0.05	0.1	-3.7149e-06
51	0.05	-0.05	0.	-1.4625e-05
52	0.05	-0.05	0.025	-1.4635e-05
53	0.05	-0.05	0.05	-1.4847e-05
54	0.05	-0.05	0.075	-1.4715e-05
55	0.05	-0.05	0.1	-1.4807e-05
56	0.05	-0.025	0.	-1.4655e-05
57	0.05	-0.025	0.025	-1.4688e-05
58	0.05	-0.025	0.05	-1.4790e-05
59	0.05	-0.025	0.075	-1.4744e-05
60	0.05	-0.025	0.1	-1.4782e-05
61	0.05	0.	0.	-1.4749e-05
62	0.05	0.	0.025	-1.4738e-05
63	0.05	0.	0.05	-1.4710e-05
64	0.05	0.	0.075	-1.4680e-05
65	0.05	0.	0.1	-1.4833e-05
66	0.05	0.025	0.	-1.4842e-05
67	0.05	0.025	0.025	-1.4689e-05
68	0.05	0.025	0.05	-1.4685e-05
69	0.05	0.025	0.075	-1.4729e-05
70	0.05	0.025	0.1	-1.4770e-05
71	0.05	0.05	0.	-1.4739e-05
72	0.05	0.05	0.025	-1.4779e-05
73	0.05	0.05	0.05	-1.4747e-05
74	0.05	0.05	0.075	-1.4743e-05
75	0.05	0.05	0.1	-1.4892e-05
76	0.075	-0.05	0.	-3.2837e-05
77	0.075	-0.05	0.025	-3.3122e-05
78	0.075	-0.05	0.05	-3.3097e-05
79	0.075	-0.05	0.075	-3.2973e-05
80	0.075	-0.05	0.1	-3.2653e-05
81	0.075	-0.025	0.	-3.2910e-05
82	0.075	-0.025	0.025	-3.2839e-05
83	0.075	-0.025	0.05	-3.2909e-05
84	0.075	-0.025	0.075	-3.2766e-05
85	0.075	-0.025	0.1	-3.3006e-05
86	0.075	0.	0.	-3.3036e-05
87	0.075	0.	0.025	-3.3060e-05
88	0.075	0.	0.05	-3.2856e-05
89	0.075	0.	0.075	-3.2767e-05
90	0.075	0.	0.1	-3.2953e-05
91	0.075	0.025	0.	-3.3137e-05
92	0.075	0.025	0.025	-3.2915e-05
93	0.075	0.025	0.05	-3.2966e-05
94	0.075	0.025	0.075	-3.2875e-05
95	0.075	0.025	0.1	-3.2840e-05
96	0.075	0.05	0.	-3.2993e-05
97	0.075	0.05	0.025	-3.2892e-05
98	0.075	0.05	0.05	-3.2959e-05
99	0.075	0.05	0.075	-3.2973e-05
100	0.075	0.05	0.1	-3.2952e-05
101	0.1	-0.05	0.	-5.8129e-05
102	0.1	-0.05	0.025	-5.7802e-05
103	0.1	-0.05	0.05	-5.7788e-05
104	0.1	-0.05	0.075	-5.7990e-05
105	0.1	-0.05	0.1	-5.7996e-05
106	0.1	-0.025	0.	-5.7879e-05
107	0.1	-0.025	0.025	-5.8056e-05
108	0.1	-0.025	0.05	-5.8211e-05
109	0.1	-0.025	0.075	-5.8276e-05
110	0.1	-0.025	0.1	-5.8328e-05
111	0.1	0.	0.	-5.7695e-05
112	0.1	0.	0.025	-5.7730e-05
113	0.1	0.	0.05	-5.7933e-05
114	0.1	0.	0.075	-5.8019e-05
115	0.1	0.	0.1	-5.7945e-05
116	0.1	0.025	0.	-5.7872e-05
117	0.1	0.025	0.025	-5.7929e-05
118	0.1	0.025	0.05	-5.8112e-05
119	0.1	0.025	0.075	-5.7692e-05
120	0.1	0.025	0.1	-5.8544e-05
121	0.1	0.05	0.	-5.8005e-05
122	0.1	0.05	0.025	-5.8244e-05
123	0.1	0.05	0.05	-5.7865e-05
124	0.1	0.05	0.075	-5.8133e-05
125	0.1	0.05	0.1	-5.8023e-05
126	0.125	-0.05	0.	-9.0152e-05
127	0.125	-0.05	0.025	-8.9772e-05
128	0.125	-0.05	0.05	-9.0401e-05
129	0.125	-0.05	0.075	-8.9308e-05
130	0.125	-0.05	0.1	-9.0185e-05
131	0.125	-0.025	0.	-8.9886e-05
132	0.125	-0.025	0.025	-8.9478e-05
133	0.125	-0.025	0.05	-9.0545e-05
134	0.125	-0.025	0.075	-9.0508e-05
135	0.125	-0.025	0.1	-8.9098e-05
136	0.125	0.	0.	-8.9907e-05
137	0.125	0.	0.025	-9.0097e-05
138	0.125	0.	0.05	-9.0002e-05
139	0.125	0.	0.075	-9.0388e-05
140	0.125	0.	0.1	-9.0314e-05
141	0.125	0.025	0.	-8.9939e-05
142	0.125	0.025	0.025	-9.0662e-05
143	0.125	0.025	0.05	-9.0180e-05
144	0.125	0.025	0.075	-8.9717e-05
145	0.125	0.025	0.1	-8.9645e-05
146	0.125	0.05	0.	-9.0291e-05
147	0.125	0.05	0.025	-8.9559e-05
148	0.125	0.05	0.05	-8.9697e-05
149	0.125	0.05	0.075	-8.9758e-05
150	0.125	0.05	0.1	-8.9972e-05
151	0.15	-0.05	0.	-1.2815e-04
152	0.15	-0.05	0.025	-1.2757e-04
153	0.15	-0.05	0.05	-1.2885e-04
154	0.15	-0.05	0.075	-1.2804e-04
155	0.15	-0.05	0.1	-1.2929e-04
156	0.15	-0.025	0.	-1.2841e-04
157	0.15	-0.025	0.025	-1.2890e-04
158	0.15	-0.025	0.05	-1.2857e-04
159	0.15	-0.025	0.075	-1.2892e-04
160	0.15	-0.025	0.1	-1.2854e-04
161	0.15	0.	0.	-1.2837e-04
162	0.15	0.	0.025	-1.2881e-04
163	0.15	0.	0.05	-1.2953e-04
164	0.15	0.	0.075	-1.2811e-04
165	0.15	0.	0.1	-1.2866e-04
166	0.15	0.025	0.	-1.2825e-04
167	0.15	0.025	0.025	-1.2851e-04
168	0.15	0.025	0.05	-1.2827e-04
169	0.15	0.025	0.075	-1.2714e-04
170	0.15	0.025	0.1	-1.2815e-04
171	0.15	0.05	0.	-1.2876e-04
172	0.15	0.05	0.025	-1.2786e-04
173	0.15	0.05	0.05	-1.2872e-04
174	0.15	0.05	0.075	-1.2834e-04
175	0.15	0.05	0.1	-1.2815e-04
176	0.175	-0.05	0.	-1.7366e-04
177	0.175	-0.05	0.025	-1.7350e-04
178	0.175	-0.05	0.05	-1.7332e-04
179	0.175	-0.05	0.075	-1.7373e-04
180	0.175	-0.05	0.1	-1.7317e-04
181	0.175	-0.025	0.	-1.7189e-04
182	0.175	-0.025	0.025	-1.7277e-04
183	0.175	-0.025	0.05	-1.7178e-04
184	0.175	-0.025	0.075	-1.7349e-04
185	0.175	-0.025	0.1	-1.7365e-04
186	0.175	0.	0.	-1.7368e-04
187	0.175	0.	0.025	-1.7337e-04
188	0.175	0.	0.05	-1.7370e-04
189	0.175	0.	0.075	-1.7194e-04
190	0.175	0.	0.1	-1.7296e-04
191	0.175	0.025	0.	-1.7205e-04
192	0.175	0.025	0.025	-1.7278e-04
193	0.175	0.025	0.05	-1.7415e-04
194	0.175	0.025	0.075	-1.7379e-04
195	0.175	0.025	0.1	-1.7349e-04
196	0.175	0.05	0.	-1.7291e-04
197	0.175	0.05	0.025	-1.7234e-04
198	0.175	0.05	0.05	-1.7316e-04
199	0.175	0.05	0.075	-1.7380e-04
200	0.175	0.05	0.1	-1.7331e-04
201	0.2	-0.05	0.	-2.2258e-04
202	0.2	-0.05	0.025	-2.2409e-04
203	0.2	-0.05	0.05	-2.2229e-04
204	0.2	-0.05	0.075	-2.2472e-04
205	0.2	-0.05	0.1	-2.2338e-04
206	0.2	-0.025	0.	-2.2290e-04
207	0.2	-0.025	0.025	-2.2473e-04
208	0.2	-0.025	0.05	-2.2450e-04
209	0.2	-0.025	0.075	-2.2421e-04
210	0.2	-0.025	0.1	-2.2596e-04
211	0.2	0.	0.	-2.2457e-04
212	0.2	0.	0.025	-2.2342e-04
213	0.2	0.	0.05	-2.2447e-04
214	0.2	0.	0.075	-2.2374e-04
215	0.2	0.	0.1	-2.2514e-04
216	0.2	0.025	0.	-2.2425e-04
217	0.2	0.025	0.025	-2.2434e-04
218	0.2	0.025	0.05	-2.2271e-04
219	0.2	0.025	0.075	-2.2405e-04
220	0.2	0.025	0.1	-2.2395e-04
221	0.2	0.05	0.	-2.2308e-04
222	0.2	0.05	0.025	-2.2380e-04
223	0.2	0.05	0.05	-2.2439e-04
224	0.2	0.05	0.075	-2.2400e-04
225	0.2	0.05	0.1	-2.2273e-04
226	0.225	-0.05	0.	-2.8066e-04
227	0.225	-0.05	0.025	-2.8044e-04
228	0.225	-0.05	0.05	-2.8119e-04
229	0.225	-0.05	0.075	-2.8106e-04
230	0.225	-0.05	0.1	-2.8051e-04
231	0.225	-0.025	0.	-2.8046e-04
232	0.225	-0.025	0.025	-2.8104e-04
233	0.225	-0.025	0.05	-2.8205e-04
234	0.225	-0.025	0.075	-2.8128e-04
235	0.225	-0.025	0.1	-2.8257e-04
236	0.225	0.	0.	-2.8224e-04
237	0.225	0.	0.025	-2.8265e-04
238	0.225	0.	0.05	-2.8251e-04
239	0.225	0.	0.075	-2.8273e-04
240	0.225	0.	0.1	-2.7967e-04
241	0.225	0.025	0.	-2.8170e-04
242	0.225	0.025	0.025	-2.8234e-04
243	0.225	0.025	0.05	-2.8254e-04
244	0.225	0.025	0.075	-2.8010e-04
245	0.225	0.025	0.1	-2.8171e-04
246	0.225	0.05	0.	-2.8105e-04
247	0.225	0.05	0.025	-2.8304e-04
248	0.225	0.05	0.05	-2.7941e-04
249	0.225	0.05	0.075	-2.8010e-04
250	0.225	0.05	0.1	-2.7893e-04
251	0.25	-0.05	0.	-3.4395e-04
252	0.25	-0.05	0.025	-3.4686e-04
253	0.25	-0.05	0.05	-3.4369e-04
254	0.25	-0.05	0.075	-3.4389e-04
255	0.25	-0.05	0.1	-3.4451e-04
256	0.25	-0.025	0.	-3.4359e-04
257	0.25	-0.025	0.025	-3.4425e-04
258	0.25	-0.025	0.05	-3.4429e-04
259	0.25	-0.025	0.075	-3.4259e-04
260	0.25	-0.025	0.1	-3.4362e-04
261	0.25	0.	0.	-3.4477e-04
262	0.25	0.	0.025	-3.4503e-04
263	0.25	0.	0.05	-3.4554e-04
264	0.25	0.	0.075	-3.4421e-04
265	0.25	0.	0.1	-3.4424e-04
266	0.25	0.025	0.	-3.4478e-04
267	0.25	0.025	0.025	-3.4293e-04
268	0.25	0.025	0.05	-3.4288e-04
269	0.25	0.025	0.075	-3.4358e-04
270	0.25	0.025	0.1	-3.4200e-04
271	0.25	0.05	0.	-3.4431e-04
272	0.25	0.05	0.025	-3.4519e-04
273	0.25	0.05	0.05	-3.4277e-04
274	0.25	0.05	0.075	-3.4435e-04
275	0.25	0.05	0.1	-3.4288e-04
276	0.275	-0.05	0.	-4.1048e-04
277	0.275	-0.05	0.025	-4.1555e-04
278	0.275	-0.05	0.05	-4.1050e-04
279	0.275	-0.05	0.075	-4.1005e-04
280	0.275	-0.05	0.1	-4.1251e-04
281	0.275	-0.025	0.	-4.1260e-04
282	0.275	-0.025	0.025	-4.1326e-04
283	0.275	-0.025	0.05	-4.1546e-04
284	0.275	-0.025	0.075	-4.1088e-04
285	0.275	-0.025	0.1	-4.1120e-04
286	0.275	0.	0.	-4.1481e-04
287	0.275	0.	0.025	-4.1370e-04
288	0.275	0.	0.05	-4.1348e-04
289	0.275	0.	0.075	-4.1118e-04
290	0.275	0.	0.1	-4.1401e-04
291	0.275	0.025	0.	-4.1348e-04
292	0.275	0.025	0.025	-4.1247e-04
293	0.275	0.025	0.05	-4.1119e-04
294	0.275	0.025	0.075	-4.1233e-04
295	0.275	0.025	0.1	-4.1487e-04
296	0.275	0.05	0.	-4.1035e-04
297	0.275	0.05	0.025	-4.1084e-04
298	0.275	0.05	0.05	-4.1112e-04
299	0.275	0.05	0.075	-4.1148e-04
300	0.275	0.05	0.1	-4.1213e-04
301	0.3	-0.05	0.	-4.8786e-04
302	0.3	-0.05	0.025	-4.8690e-04
303	0.3	-0.05	0.05	-4.8612e-04
304	0.3	-0.05	0.075	-4.8654e-04
305	0.3	-0.05	0.1	-4.8721e-04
306	0.3	-0.025	0.	-4.8273e-04
307	0.3	-0.025	0.025	-4.8808e-04
308	0.3	-0.025	0.05	-4.8439e-04
309	0.3	-0.025	0.075	-4.8514e-04
310	0.3	-0.025	0.1	-4.8666e-04
311	0.3	0.	0.	-4.8585e-04
312	0.3	0.	0.025	-4.8695e-04
313	0.3	0.	0.05	-4.8628e-04
314	0.3	0.	0.075	-4.8544e-04
315	0.3	0.	0.1	-4.8897e-04
316	0.3	0.025	0.	-4.8738e-04
317	0.3	0.025	0.025	-4.8659e-04
318	0.3	0.025	0.05	-4.8735e-04
319	0.3	0.025	0.075	-4.8463e-04
320	0.3	0.025	0.1	-4.9023e-04
321	0.3	0.05	0.	-4.8389e-04
322	0.3	0.05	0.025	-4.8622e-04
323	0.3	0.05	0.05	-4.8544e-04
324	0.3	0.05	0.075	-4.8537e-04
325	0.3	0.05	0.1	-4.8512e-04
326	0.325	-0.05	0.	-5.6335e-04
327	0.325	-0.05	0.025	-5.6778e-04
328	0.325	-0.05	0.05	-5.6237e-04
329	0.325	-0.05	0.075	-5.6732e-04
330	0.325	-0.05	0.1	-5.6656e-04
331	0.325	-0.025	0.	-5.6423e-04
332	0.325	-0.025	0.025	-5.6630e-04
333	0.325	-0.025	0.05	-5.6474e-04
334	0.325	-0.025	0.075	-5.6261e-04
335	0.325	-0.025	0.1	-5.6263e-04
336	0.325	0.	0.	-5.6658e-04
337	0.325	0.	0.025	-5.6646e-04
338	0.325	0.	0.05	-5.6564e-04
339	0.325	0.	0.075	-5.6421e-04
340	0.325	0.	0.1	-5.6466e-04
341	0.325	0.025	0.	-5.6436e-04
342	0.325	0.025	0.025	-5.6115e-04
343	0.325	0.025	0.05	-5.6523e-04
344	0.325	0.025	0.075	-5.6627e-04
345	0.325	0.025	0.1	-5.6525e-04
346	0.325	0.05	0.	-5.6909e-04
347	0.325	0.05	0.025	-5.6282e-04
348	0.325	0.05	0.05	-5.6360e-04
349	0.325	0.05	0.075	-5.6539e-04
350	0.325	0.05	0.1	-5.6564e-04
351	0.35	-0.05	0.	-6.4431e-04
352	0.35	-0.05	0.025	-6.5082e-04
353	0.35	-0.05	0.05	-6.4989e-04
354	0.35	-0.05	0.075	-6.4375e-04
355	0.35	-0.05	0.1	-6.4895e-04
356	0.35	-0.025	0.	-6.4715e-04
357	0.35	-0.025	0.025	-6.4807e-04
358	0.35	-0.025	0.05	-6.4577e-04
359	0.35	-0.025	0.075	-6.5033e-04
360	0.35	-0.025	0.1	-6.5383e-04
361	0.35	0.	0.	-6.4994e-04
362	0.35	0.	0.025	-6.4364e-04
363	0.35	0.	0.05	-6.4999e-04
364	0.35	0.	0.075	-6.4874e-04
365	0.35	0.	0.1	-6.4639e-04
366	0.35	0.025	0.	-6.5017e-04
367	0.35	0.025	0.025	-6.5153e-04
368	0.35	0.025	0.05	-6.4751e-04
369	0.35	0.025	0.075	-6.4498e-04
370	0.35	0.025	0.1	-6.4403e-04
371	0.35	0.05	0.	-6.4752e-04
372	0.35	0.05	0.025	-6.4885e-04
373	0.35	0.05	0.05	-6.4791e-04
374	0.35	0.05	0.075	-6.4748e-04
375	0.35	0.05	0.1	-6.5072e-04
376	0.375	-0.05	0.	-7.3965e-04
377	0.375	-0.05	0.025	-7.3887e-04
378	0.375	-0.05	0.05	-7.4069e-04
379	0.375	-0.05	0.075	-7.3634e-04
380	0.375	-0.05	0.1	-7.3505e-04
381	0.375	-0.025	0.	-7.3674e-04
382	0.375	-0.025	0.025	-7.3654e-04
383	0.375	-0.025	0.05	-7.3222e-04
384	0.375	-0.025	0.075	-7.3667e-04
385	0.375	-0.025	0.1	-7.4154e-04
386	0.375	0.	0.	-7.4065e-04
387	0.375	0.	0.025	-7.3983e-04
388	0.375	0.	0.05	-7.3867e-04
389	0.375	0.	0.075	-7.4256e-04
390	0.375	0.	0.1	-7.3515e-04
391	0.375	0.025	0.	-7.3543e-04
392	0.375	0.025	0.025	-7.4160e-04
393	0.375	0.025	0.05	-7.3836e-04
394	0.375	0.025	0.075	-7.3630e-04
395	0.375	0.025	0.1	-7.3991e-04
396	0.375	0.05	0.	-7.3699e-04
397	0.375	0.05	0.025	-7.3581e-04
398	0.375	0.05	0.05	-7.3573e-04
399	0.375	0.05	0.075	-7.3923e-04
400	0.375	0.05	0.1	-7.3889e-04
401	0.4	-0.05	0.	-8.3705e-04
402	0.4	-0.05	0.025	-8.3103e-04
403	0.4	-0.05	0.05	-8.3098e-04
404	0.4	-0.05	0.075	-8.3679e-04
405	0.4	-0.05	0.1	-8.3528e-04
406	0.4	-0.025	0.	-8.3248e-04
407	0.4	-0.025	0.025	-8.2680e-04
408	0.4	-0.025	0.05	-8.2930e-04
409	0.4	-0.025	0.075	-8.2849e-04
410	0.4	-0.025	0.1	-8.3212e-04
411	0.4	0.	0.	-8.3031e-04
412	0.4	0.	0.025	-8.3733e-04
413	0.4	0.	0.05	-8.2677e-04
414	0.4	0.	0.075	-8.2814e-04
415	0.4	0.	0.1	-8.3281e-04
416	0.4	0.025	0.	-8.3374e-04
417	0.4	0.025	0.025	-8.2339e-04
418	0.4	0.025	0.05	-8.2622e-04
419	0.4	0.025	0.075	-8.3112e-04
420	0.4	0.025	0.1	-8.3651e-04
421	0.4	0.05	0.	-8.3828e-04
422	0.4	0.05	0.025	-8.3062e-04
423	0.4	0.05	0.05	-8.3143e-04
424	0.4	0.05	0.075	-8.2921e-04
425	0.4	0.05	0.1	-8.3411e-04
426	0.425	-0.05	0.	-9.3591e-04
427	0.425	-0.05	0.025	-9.3489e-04
428	0.425	-0.05	0.05	-9.3011e-04
429	0.425	-0.05	0.075	-9.2710e-04
430	0.425	-0.05	0.1	-9.3025e-04
431	0.425	-0.025	0.	-9.3536e-04
432	0.425	-0.025	0.025	-9.2873e-04
433	0.425	-0.025	0.05	-9.2346e-04
434	0.425	-0.025	0.075	-9.2888e-04
435	0.425	-0.025	0.1	-9.2918e-04
436	0.425	0.	0.	-9.2344e-04
437	0.425	0.	0.025	-9.3108e-04
438	0.425	0.	0.05	-9.3210e-04
439	0.425	0.	0.075	-9.3714e-04
440	0.425	0.	0.1	-9.2526e-04
441	0.425	0.025	0.	-9.3294e-04
442	0.425	0.025	0.025	-9.3382e-04
443	0.425	0.025	0.05	-9.3215e-04
444	0.425	0.025	0.075	-9.2647e-04
445	0.425	0.025	0.1	-9.2626e-04
446	0.425	0.05	0.	-9.3058e-04
447	0.425	0.05	0.025	-9.3055e-04
448	0.425	0.05	0.05	-9.2814e-04
449	0.425	0.05	0.075	-9.3502e-04
450	0.425	0.05	0.1	-9.2873e-04
451	0.45	-0.05	0.	-1.0249e-03
452	0.45	-0.05	0.025	-1.0318e-03
453	0.45	-0.05	0.05	-1.0347e-03
454	0.45	-0.05	0.075	-1.0342e-03
455	0.45	-0.05	0.1	-1.0341e-03
456	0.45	-0.025	0.	-1.0389e-03
457	0.45	-0.025	0.025	-1.0281e-03
458	0.45	-0.025	0.05	-1.0310e-03
459	0.45	-0.025	0.075	-1.0391e-03
460	0.45	-0.025	0.1	-1.0246e-03
461	0.45	0.	0.	-1.0325e-03
462	0.45	0.	0.025	-1.0378e-03
463	0.45	0.	0.05	-1.0378e-03
464	0.45	0.	0.075	-1.0355e-03
465	0.45	0.	0.1	-1.0356e-03
466	0.45	0.025	0.	-1.0284e-03
467	0.45	0.025	0.025	-1.0384e-03
468	0.45	0.025	0.05	-1.0278e-03
469	0.45	0.025	0.075	-1.0280e-03
470	0.45	0.025	0.1	-1.0344e-03
471	0.45	0.05	0.	-1.0307e-03
472	0.45	0.05	0.025	-1.0336e-03
473	0.45	0.05	0.05	-1.0345e-03
474	0.45	0.05	0.075	-1.0401e-03
475	0.45	0.05	0.1	-1.0345e-03
476	0.475	-0.05	0.	-1.1366e-03
477	0.475	-0.05	0.025	-1.1425e-03
478	0.475	-0.05	0.05	-1.1356e-03
479	0.475	-0.05	0.075	-1.1436e-03
480	0.475	-0.05	0.1	-1.1397e-03
481	0.475	-0.025	0.	-1.1412e-03
482	0.475	-0.025	0.025	-1.1313e-03
483	0.475	-0.025	0.05	-1.1291e-03
484	0.475	-0.025	0.075	-1.1326e-03
485	0.475	-0.025	0.1	-1.1474e-03
486	0.475	0.	0.	-1.1342e-03
487	0.475	0.	0.025	-1.1427e-03
488	0.475	0.	0.05	-1.1365e-03
489	0.475	0.	0.075	-1.1383e-03
490	0.475	0.	0.1	-1.1392e-03
491	0.475	0.025	0.	-1.1469e-03
492	0.475	0.025	0.025	-1.1421e-03
493	0.475	0.025	0.05	-1.1412e-03
494	0.475	0.025	0.075	-1.1453e-03
495	0.475	0.025	0.1	-1.1365e-03
496	0.475	0.05	0.	-1.1443e-03
497	0.475	0.05	0.025	-1.1435e-03
498	0.475	0.05	0.05	-1.1435e-03
499	0.475	0.05	0.075	-1.1387e-03
500	0.475	0.05	0.1	-1.1374e-03
501	0.5	-0.05	0.	-1.2457e-03
502	0.5	-0.05	0.025	-1.2460e-03
503	0.5	-0.05	0.05	-1.2454e-03
504	0.5	-0.05	0.075	-1.2518e-03
505	0.5	-0.05	0.1	-1.2489e-03
506	0.5	-0.025	0.	-1.2522e-03
507	0.5	-0.025	0.025	-1.2524e-03
508	0.5	-0.025	0.05	-1.2447e-03
509	0.5	-0.025	0.075	-1.2446e-03
510	0.5	-0.025	0.1	-1.2489e-03
511	0.5	0.	0.	-1.2461e-03
512	0.5	0.	0.025	-1.2456e-03
513	0.5	0.	0.05	-1.2585e-03
514	0.5	0.	0.075	-1.2423e-03
515	0.5	0.	0.1	-1.2601e-03
516	0.5	0.025	0.	-1.2514e-03
517	0.5	0.025	0.025	-1.2549e-03
518	0.5	0.025	0.05	-1.2543e-03
519	0.5	0.025	0.075	-1.2531e-03
520	0.5	0.025	0.1	-1.2583e-03
521	0.5	0.05	0.	-1.2446e-03
522	0.5	0.05	0.025	-1.2492e-03
523	0.5	0.05	0.05	-1.2457e-03
524	0.5	0.05	0.075	-1.2415e-03
525	0.5	0.05	0.1	-1.2467e-03
526	0.525	-0.05	0.	-1.3746e-03
527	0.525	-0.05	0.025	-1.3634e-03
528	0.525	-0.05	0.05	-1.3752e-03
529	0.525	-0.05	0.075	-1.3757e-03
530	0.525	-0.05	0.1	-1.3807e-03
531	0.525	-0.025	0.	-1.3747e-03
532	0.525	-0.025	0.025	-1.3772e-03
533	0.525	-0.025	0.05	-1.3661e-03
534	0.525	-0.025	0.075	-1.3656e-03
535	0.525	-0.025	0.1	-1.3660e-03
536	0.525	0.	0.	-1.3643e-03
537	0.525	0.	0.025	-1.3652e-03
538	0.525	0.	0.05	-1.3684e-03
539	0.525	0.	0.075	-1.3618e-03
540	0.525	0.	0.1	-1.3568e-03
541	0.525	0.025	0.	-1.3663e-03
542	0.525	0.025	0.025	-1.3606e-03
543	0.525	0.025	0.05	-1.3611e-03
544	0.525	0.025	0.075	-1.3636e-03
545	0.525	0.025	0.1	-1.3623e-03
546	0.525	0.05	0.	-1.3704e-03
547	0.525	0.05	0.025	-1.3634e-03
548	0.525	0.05	0.05	-1.3707e-03
549	0.525	0.05	0.075	-1.3655e-03
550	0.525	0.05	0.1	-1.3639e-03
551	0.55	-0.05	0.	-1.4832e-03
552	0.55	-0.05	0.025	-1.4746e-03
553	0.55	-0.05	0.05	-1.4843e-03
554	0.55	-0.05	0.075	-1.4873e-03
555	0.55	-0.05	0.1	-1.4881e-03
556	0.55	-0.025	0.	-1.4742e-03
557	0.55	-0.025	0.025	-1.4732e-03
558	0.55	-0.025	0.05	-1.4791e-03
559	0.55	-0.025	0.075	-1.4905e-03
560	0.55	-0.025	0.1	-1.4836e-03
561	0.55	0.	0.	-1.4777e-03
562	0.55	0.	0.025	-1.4736e-03
563	0.55	0.	0.05	-1.4782e-03
564	0.55	0.	0.075	-1.4778e-03
565	0.55	0.	0.1	-1.4878e-03
566	0.55	0.025	0.	-1.4883e-03
567	0.55	0.025	0.025	-1.4760e-03
568	0.55	0.025	0.05	-1.4867e-03
569	0.55	0.025	0.075	-1.4861e-03
570	0.55	0.025	0.1	-1.4753e-03
571	0.55	0.05	0.	-1.4818e-03
572	0.55	0.05	0.025	-1.4843e-03
573	0.55	0.05	0.05	-1.4832e-03
574	0.55	0.05	0.075	-1.4721e-03
575	0.55	0.05	0.1	-1.4830e-03
576	0.575	-0.05	0.	-1.6076e-03
577	0.575	-0.05	0.025	-1.6137e-03
578	0.575	-0.05	0.05	-1.5992e-03
579	0.575	-0.05	0.075	-1.6000e-03
580	0.575	-0.05	0.1	-1.6022e-03
581	0.575	-0.025	0.	-1.6054e-03
582	0.575	-0.025	0.025	-1.6042e-03
583	0.575	-0.025	0.05	-1.6074e-03
584	0.575	-0.025	0.075	-1.5963e-03
585	0.575	-0.025	0.1	-1.6061e-03
586	0.575	0.	0.	-1.5988e-03
587	0.575	0.	0.025	-1.6026e-03
588	0.575	0.	0.05	-1.6145e-03
589	0.575	0.	0.075	-1.5946e-03
590	0.575	0.	0.1	-1.6017e-03
591	0.575	0.025	0.	-1.5954e-03
592	0.575	0.025	0.025	-1.6045e-03
593	0.575	0.025	0.05	-1.6103e-03
594	0.575	0.025	0.075	-1.6046e-03
595	0.575	0.025	0.1	-1.6028e-03
596	0.575	0.05	0.	-1.6121e-03
597	0.575	0.05	0.025	-1.6057e-03
598	0.575	0.05	0.05	-1.6088e-03
599	0.575	0.05	0.075	-1.6081e-03
600	0.575	0.05	0.1	-1.5851e-03
601	0.6	-0.05	0.	-1.7275e-03
602	0.6	-0.05	0.025	-1.7205e-03
603	0.6	-0.05	0.05	-1.7223e-03
604	0.6	-0.05	0.075	-1.7382e-03
605	0.6	-0.05	0.1	-1.7254e-03
606	0.6	-0.025	0.	-1.7411e-03
607	0.6	-0.025	0.025	-1.7183e-03
608	0.6	-0.025	0.05	-1.7205e-03
609	0.6	-0.025	0.075	-1.7333e-03
610	0.6	-0.025	0.1	-1.7256e-03
611	0.6	0.	0.	-1.7301e-03
612	0.6	0.	0.025	-1.7272e-03
613	0.6	0.	0.05	-1.7270e-03
614	0.6	0.	0.075	-1.7259e-03
615	0.6	0.	0.1	-1.7292e-03
616	0.6	0.025	0.	-1.7324e-03
617	0.6	0.025	0.025	-1.7392e-03
618	0.6	0.025	0.05	-1.7266e-03
619	0.6	0.025	0.075	-1.7253e-03
620	0.6	0.025	0.1	-1.7244e-03
621	0.6	0.05	0.	-1.7382e-03
622	0.6	0.05	0.025	-1.7328e-03
623	0.6	0.05	0.05	-1.7149e-03
624	0.6	0.05	0.075	-1.7146e-03
625	0.6	0.05	0.1	-1.7223e-03
626	0.625	-0.05	0.	-1.8572e-03
627	0.625	-0.05	0.025	-1.8552e-03
628	0.625	-0.05	0.05	-1.8593e-03
629	0.625	-0.05	0.075	-1.8542e-03
630	0.625	-0.05	0.1	-1.8658e-03
631	0.625	-0.025	0.	-1.8612e-03
632	0.625	-0.025	0.025	-1.8560e-03
633	0.625	-0.025	0.05	-1.8640e-03
634	0.625	-0.025	0.075	-1.8432e-03
635	0.625	-0.025	0.1	-1.8548e-03
636	0.625	0.	0.	-1.8565e-03
637	0.625	0.	0.025	-1.8599e-03
638	0.625	0.	0.05	-1.8427e-03
639	0.625	0.	0.075	-1.8535e-03
640	0.625	0.	0.1	-1.8584e-03
641	0.625	0.025	0.	-1.8590e-03
642	0.625	0.025	0.025	-1.8643e-03
643	0.625	0.025	0.05	-1.8611e-03
644	0.625	0.025	0.075	-1.8550e-03
645	0.625	0.025	0.1	-1.8605e-03
646	0.625	0.05	0.	-1.8540e-03
647	0.625	0.05	0.025	-1.8566e-03
648	0.625	0.05	0.05	-1.8614e-03
649	0.625	0.05	0.075	-1.8551e-03
650	0.625	0.05	0.1	-1.8582e-03
651	0.65	-0.05	0.	-1.9934e-03
652	0.65	-0.05	0.025	-1.9914e-03
653	0.65	-0.05	0.05	-1.9955e-03
654	0.65	-0.05	0.075	-2.0042e-03
655	0.65	-0.05	0.1	-1.9913e-03
656	0.65	-0.025	0.	-1.9821e-03
657	0.65	-0.025	0.025	-1.9898e-03
658	0.65	-0.025	0.05	-1.9895e-03
659	0.65	-0.025	0.075	-1.9906e-03
660	0.65	-0.025	0.1	-1.9976e-03
661	0.65	0.	0.	-1.9724e-03
662	0.65	0.	0.025	-1.9978e-03
663	0.65	0.	0.05	-2.0004e-03
664	0.65	0.	0.075	-1.9903e-03
665	0.65	0.	0.1	-1.9905e-03
666	0.65	0.025	0.	-1.9838e-03
667	0.65	0.025	0.025	-1.9858e-03
668	0.65	0.025	0.05	-1.9913e-03
669	0.65	0.025	0.075	-1.9908e-03
670	0.65	0.025	0.1	-1.9915e-03
671	0.65	0.05	0.	-1.9907e-03
672	0.65	0.05	0.025	-1.9929e-03
673	0.65	0.05	0.05	-1.9920e-03
674	0.65	0.05	0.075	-1.9776e-03
675	0.65	0.05	0.1	-1.9924e-03
676	0.675	-0.05	0.	-2.1344e-03
677	0.675	-0.05	0.025	-2.1184e-03
678	0.675	-0.05	0.05	-2.1314e-03
679	0.675	-0.05	0.075	-2.1109e-03
680	0.675	-0.05	0.1	-2.1184e-03
681	0.675	-0.025	0.	-2.1132e-03
682	0.675	-0.025	0.025	-2.1303e-03
683	0.675	-0.025	0.05	-2.1326e-03
684	0.675	-0.025	0.075	-2.1178e-03
685	0.675	-0.025	0.1	-2.1286e-03
686	0.675	0.	0.	-2.1326e-03
687	0.675	0.	0.025	-2.1184e-03
688	0.675	0.	0.05	-2.1198e-03
689	0.675	0.	0.075	-2.1249e-03
690	0.675	0.	0.1	-2.1115e-03
691	0.675	0.025	0.	-2.1196e-03
692	0.675	0.025	0.025	-2.1368e-03
693	0.675	0.025	0.05	-2.1144e-03
694	0.675	0.025	0.075	-2.1259e-03
695	0.675	0.025	0.1	-2.1231e-03
696	0.675	0.05	0.	-2.1173e-03
697	0.675	0.05	0.025	-2.1205e-03
698	0.675	0.05	0.05	-2.1335e-03
699	0.675	0.05	0.075	-2.1233e-03
700	0.675	0.05	0.1	-2.1247e-03
701	0.7	-0.05	0.	-2.2684e-03
702	0.7	-0.05	0.025	-2.2514e-03
703	0.7	-0.05	0.05	-2.2446e-03
704	0.7	-0.05	0.075	-2.2699e-03
705	0.7	-0.05	0.1	-2.2552e-03
706	0.7	-0.025	0.	-2.2621e-03
707	0.7	-0.025	0.025	-2.2471e-03
708	0.7	-0.025	0.05	-2.2575e-03
709	0.7	-0.025	0.075	-2.2441e-03
710	0.7	-0.025	0.1	-2.2546e-03
711	0.7	0.	0.	-2.2482e-03
712	0.7	0.	0.025	-2.2461e-03
713	0.7	0.	0.05	-2.2513e-03
714	0.7	0.	0.075	-2.2333e-03
715	0.7	0.	0.1	-2.2435e-03
716	0.7	0.025	0.	-2.2611e-03
717	0.7	0.025	0.025	-2.2571e-03
718	0.7	0.025	0.05	-2.2443e-03
719	0.7	0.025	0.075	-2.2589e-03
720	0.7	0.025	0.1	-2.2461e-03
721	0.7	0.05	0.	-2.2605e-03
722	0.7	0.05	0.025	-2.2530e-03
723	0.7	0.05	0.05	-2.2511e-03
724	0.7	0.05	0.075	-2.2532e-03
725	0.7	0.05	0.1	-2.2771e-03
726	0.725	-0.05	0.	-2.3843e-03
727	0.725	-0.05	0.025	-2.3938e-03
728	0.725	-0.05	0.05	-2.3991e-03
729	0.725	-0.05	0.075	-2.3824e-03
730	0.725	-0.05	0.1	-2.3763e-03
731	0.725	-0.025	0.	-2.3858e-03
732	0.725	-0.025	0.025	-2.3989e-03
733	0.725	-0.025	0.05	-2.3883e-03
734	0.725	-0.025	0.075	-2.3894e-03
735	0.725	-0.025	0.1	-2.4003e-03
736	0.725	0.	0.	-2.3839e-03
737	0.725	0.	0.025	-2.3907e-03
738	0.725	0.	0.05	-2.3771e-03
739	0.725	0.	0.075	-2.3947e-03
740	0.725	0.	0.1	-2.3938e-03
741	0.725	0.025	0.	-2.3992e-03
742	0.725	0.025	0.025	-2.3806e-03
743	0.725	0.025	0.05	-2.3898e-03
744	0.725	0.025	0.075	-2.3794e-03
745	0.725	0.025	0.1	-2.3892e-03
746	0.725	0.05	0.	-2.4058e-03
747	0.725	0.05	0.025	-2.3885e-03
748	0.725	0.05	0.05	-2.3785e-03
749	0.725	0.05	0.075	-2.3851e-03
750	0.725	0.05	0.1	-2.3762e-03
751	0.75	-0.05	0.	-2.5181e-03
752	0.75	-0.05	0.025	-2.5380e-03
753	0.75	-0.05	0.05	-2.5166e-03
754	0.75	-0.05	0.075	-2.5344e-03
755	0.75	-0.05	0.1	-2.5315e-03
756	0.75	-0.025	0.	-2.5259e-03
757	0.75	-0.025	0.025	-2.5336e-03
758	0.75	-0.025	0.05	-2.5218e-03
759	0.75	-0.025	0.075	-2.5398e-03
760	0.75	-0.025	0.1	-2.5242e-03
761	0.75	0.	0.	-2.5273e-03
762	0.75	0.	0.025	-2.5261e-03
763	0.75	0.	0.05	-2.5382e-03
764	0.75	0.	0.075	-2.5368e-03
765	0.75	0.	0.1	-2.5047e-03
766	0.75	0.025	0.	-2.5338e-03
767	0.75	0.025	0.025	-2.5136e-03
768	0.75	0.025	0.05	-2.5278e-03
769	0.75	0.025	0.075	-2.5302e-03
770	0.75	0.025	0.1	-2.5277e-03
771	0.75	0.05	0.	-2.5363e-03
772	0.75	0.05	0.025	-2.5385e-03
773	0.75	0.05	0.05	-2.5234e-03
774	0.75	0.05	0.075	-2.5231e-03
775	0.75	0.05	0.1	-2.5309e-03
776	0.775	-0.05	0.	-2.6563e-03
777	0.775	-0.05	0.025	-2.6677e-03
778	0.775	-0.05	0.05	-2.6872e-03
779	0.775	-0.05	0.075	-2.6567e-03
780	0.775	-0.05	0.1	-2.6691e-03
781	0.775	-0.025	0.	-2.6664e-03
782	0.775	-0.025	0.025	-2.6942e-03
783	0.775	-0.025	0.05	-2.6670e-03
784	0.775	-0.025	0.075	-2.6677e-03
785	0.775	-0.025	0.1	-2.6618e-03
786	0.775	0.	0.	-2.6729e-03
787	0.775	0.	0.025	-2.6757e-03
788	0.775	0.	0.05	-2.6633e-03
789	0.775	0.	0.075	-2.6834e-03
790	0.775	0.	0.1	-2.6757e-03
791	0.775	0.025	0.	-2.6819e-03
792	0.775	0.025	0.025	-2.6693e-03
793	0.775	0.025	0.05	-2.6754e-03
794	0.775	0.025	0.075	-2.6705e-03
795	0.775	0.025	0.1	-2.6884e-03
796	0.775	0.05	0.	-2.6740e-03
797	0.775	0.05	0.025	-2.6729e-03
798	0.775	0.05	0.05	-2.6679e-03
799	0.775	0.05	0.075	-2.6673e-03
800	0.775	0.05	0.1	-2.6753e-03
801	0.8	-0.05	0.	-2.8252e-03
802	0.8	-0.05	0.025	-2.8083e-03
803	0.8	-0.05	0.05	-2.8174e-03
804	0.8	-0.05	0.075	-2.8181e-03
805	0.8	-0.05	0.1	-2.8200e-03
806	0.8	-0.025	0.	-2.7968e-03
807	0.8	-0.025	0.025	-2.8056e-03
808	0.8	-0.025	0.05	-2.8006e-03
809	0.8	-0.025	0.075	-2.8164e-03
810	0.8	-0.025	0.1	-2.8059e-03
811	0.8	0.	0.	-2.8104e-03
812	0.8	0.	0.025	-2.8025e-03
813	0.8	0.	0.05	-2.8115e-03
814	0.8	0.	0.075	-2.8033e-03
815	0.8	0.	0.1	-2.8245e-03
816	0.8	0.025	0.	-2.8214e-03
817	0.8	0.025	0.025	-2.8177e-03
818	0.8	0.025	0.05	-2.8126e-03
819	0.8	0.025	0.075	-2.7930e-03
820	0.8	0.025	0.1	-2.8108e-03
821	0.8	0.05	0.	-2.8074e-03
822	0.8	0.05	0.025	-2.8188e-03
823	0.8	0.05	0.05	-2.8230e-03
824	0.8	0.05	0.075	-2.8197e-03
825	0.8	0.05	0.1	-2.8302e-03
826	0.825	-0.05	0.	-2.9540e-03
827	0.825	-0.05	0.025	-2.9535e-03
828	0.825	-0.05	0.05	-2.9730e-03
829	0.825	-0.05	0.075	-2.9627e-03
830	0.825	-0.05	0.1	-2.9578e-03
831	0.825	-0.025	0.	-2.9826e-03
832	0.825	-0.025	0.025	-2.9676e-03
833	0.825	-0.025	0.05	-2.9585e-03
834	0.825	-0.025	0.075	-2.9526e-03
835	0.825	-0.025	0.1	-2.9764e-03
836	0.825	0.	0.	-2.9632e-03
837	0.825	0.	0.025	-2.9610e-03
838	0.825	0.	0.05	-2.9687e-03
839	0.825	0.	0.075	-2.9711e-03
840	0.825	0.	0.1	-2.9672e-03
841	0.825	0.025	0.	-2.9712e-03
842	0.825	0.025	0.025	-2.9661e-03
843	0.825	0.025	0.05	-2.9673e-03
844	0.825	0.025	0.075	-2.9521e-03
845	0.825	0.025	0.1	-2.9822e-03
846	0.825	0.05	0.	-2.9461e-03
847	0.825	0.05	0.025	-2.9644e-03
848	0.825	0.05	0.05	-2.9449e-03
849	0.825	0.05	0.075	-2.9596e-03
850	0.825	0.05	0.1	-2.9540e-03
851	0.85	-0.05	0.	-3.1084e-03
852	0.85	-0.05	0.025	-3.1110e-03
853	0.85	-0.05	0.05	-3.0949e-03
854	0.85	-0.05	0.075	-3.1064e-03
855	0.85	-0.05	0.1	-3.1241e-03
856	0.85	-0.025	0.	-3.0904e-03
857	0.85	-0.025	0.025	-3.0961e-03
858	0.85	-0.025	0.05	-3.1174e-03
859	0.85	-0.025	0.075	-3.1077e-03
860	0.85	-0.025	0.1	-3.1086e-03
861	0.85	0.	0.	-3.1195e-03
862	0.85	0.	0.025	-3.0969e-03
863	0.85	0.	0.05	-3.1003e-03
864	0.85	0.	0.075	-3.0988e-03
865	0.85	0.	0.1	-3.1024e-03
866	0.85	0.025	0.	-3.1234e-03
867	0.85	0.025	0.025	-3.0856e-03
868	0.85	0.025	0.05	-3.0919e-03
869	0.85	0.025	0.075	-3.0898e-03
870	0.85	0.025	0.1	-3.1242e-03
871	0.85	0.05	0.	-3.0991e-03
872	0.85	0.05	0.025	-3.1027e-03
873	0.85	0.05	0.05	-3.0867e-03
874	0.85	0.05	0.075	-3.1035e-03
875	0.85	0.05	0.1	-3.1175e-03
876	0.875	-0.05	0.	-3.2572e-03
877	0.875	-0.05	0.025	-3.2525e-03
878	0.875	-0.05	0.05	-3.2335e-03
879	0.875	-0.05	0.075	-3.2496e-03
880	0.875	-0.05	0.1	-3.2558e-03
881	0.875	-0.025	0.	-3.2410e-03
882	0.875	-0.025	0.025	-3.2624e-03
883	0.875	-0.025	0.05	-3.2654e-03
884	0.875	-0.025	0.075	-3.2470e-03
885	0.875	-0.025	0.1	-3.2634e-03
886	0.875	0.	0.	-3.2525e-03
887	0.875	0.	0.025	-3.2688e-03
888	0.875	0.	0.05	-3.2804e-03
889	0.875	0.	0.075	-3.2397e-03
890	0.875	0.	0.1	-3.2639e-03
891	0.875	0.025	0.	-3.2709e-03
892	0.875	0.025	0.025	-3.2413e-03
893	0.875	0.025	0.05	-3.2464e-03
894	0.875	0.025	0.075	-3.2463e-03
895	0.875	0.025	0.1	-3.2522e-03
896	0.875	0.05	0.	-3.2493e-03
897	0.875	0.05	0.025	-3.2513e-03
898	0.875	0.05	0.05	-3.2648e-03
899	0.875	0.05	0.075	-3.2292e-03
900	0.875	0.05	0.1	-3.2412e-03
901	0.9	-0.05	0.	-3.4111e-03
902	0.9	-0.05	0.025	-3.4095e-03
903	0.9	-0.05	0.05	-3.3876e-03
904	0.9	-0.05	0.075	-3.4096e-03
905	0.9	-0.05	0.1	-3.4201e-03
906	0.9	-0.025	0.	-3.4013e-03
907	0.9	-0.025	0.025	-3.3883e-03
908	0.9	-0.025	0.05	-3.4139e-03
909	0.9	-0.025	0.075	-3.4254e-03
910	0.9	-0.025	0.1	-3.3899e-03
911	0.9	0.	0.	-3.4025e-03
912	0.9	0.	0.025	-3.4168e-03
913	0.9	0.	0.05	-3.4036e-03
914	0.9	0.	0.075	-3.3782e-03
915	0.9	0.	0.1	-3.4080e-03
916	0.9	0.025	0.	-3.3887e-03
917	0.9	0.025	0.025	-3.3847e-03
918	0.9	0.025	0.05	-3.3785e-03
919	0.9	0.025	0.075	-3.4182e-03
920	0.9	0.025	0.1	-3.3906e-03
921	0.9	0.05	0.	-3.4065e-03
922	0.9	0.05	0.025	-3.4099e-03
923	0.9	0.05	0.05	-3.4042e-03
924	0.9	0.05	0.075	-3.4060e-03
925	0.9	0.05	0.1	-3.4072e-03
926	0.925	-0.05	0.	-3.5528e-03
927	0.925	-0.05	0.025	-3.5400e-03
928	0.925	-0.05	0.05	-3.5388e-03
929	0.925	-0.05	0.075	-3.5494e-03
930	0.925	-0.05	0.1	-3.5491e-03
931	0.925	-0.025	0.	-3.5569e-03
932	0.925	-0.025	0.025	-3.5665e-03
933	0.925	-0.025	0.05	-3.5557e-03
934	0.925	-0.025	0.075	-3.5393e-03
935	0.925	-0.025	0.1	-3.5199e-03
936	0.925	0.	0.	-3.5399e-03
937	0.925	0.	0.025	-3.5317e-03
938	0.925	0.	0.05	-3.5405e-03
939	0.925	0.	0.075	-3.5543e-03
940	0.925	0.	0.1	-3.5520e-03
941	0.925	0.025	0.	-3.5772e-03
942	0.925	0.025	0.025	-3.5577e-03
943	0.925	0.025	0.05	-3.5780e-03
944	0.925	0.025	0.075	-3.5610e-03
945	0.925	0.025	0.1	-3.5663e-03
946	0.925	0.05	0.	-3.5457e-03
947	0.925	0.05	0.025	-3.5356e-03
948	0.925	0.05	0.05	-3.5445e-03
949	0.925	0.05	0.075	-3.5507e-03
950	0.925	0.05	0.1	-3.5419e-03
951	0.95	-0.05	0.	-3.6854e-03
952	0.95	-0.05	0.025	-3.7064e-03
953	0.95	-0.05	0.05	-3.6854e-03
954	0.95	-0.05	0.075	-3.6776e-03
955	0.95	-0.05	0.1	-3.6836e-03
956	0.95	-0.025	0.	-3.6968e-03
957	0.95	-0.025	0.025	-3.6856e-03
958	0.95	-0.025	0.05	-3.6969e-03
959	0.95	-0.025	0.075	-3.7091e-03
960	0.95	-0.025	0.1	-3.7088e-03
961	0.95	0.	0.	-3.6905e-03
962	0.95	0.	0.025	-3.6810e-03
963	0.95	0.	0.05	-3.6917e-03
964	0.95	0.	0.075	-3.7100e-03
965	0.95	0.	0.1	-3.7134e-03
966	0.95	0.025	0.	-3.7055e-03
967	0.95	0.025	0.025	-3.7180e-03
968	0.95	0.025	0.05	-3.7258e-03
969	0.95	0.025	0.075	-3.6931e-03
970	0.95	0.025	0.1	-3.7223e-03
971	0.95	0.05	0.	-3.6964e-03
972	0.95	0.05	0.025	-3.7153e-03
973	0.95	0.05	0.05	-3.7107e-03
974	0.95	0.05	0.075	-3.6710e-03
975	0.95	0.05	0.1	-3.6859e-03
976	0.975	-0.05	0.	-3.8312e-03
977	0.975	-0.05	0.025	-3.8226e-03
978	0.975	-0.05	0.05	-3.8636e-03
979	0.975	-0.05	0.075	-3.8819e-03
980	0.975	-0.05	0.1	-3.8461e-03
981	0.975	-0.025	0.	-3.8632e-03
982	0.975	-0.025	0.025	-3.8729e-03
983	0.975	-0.025	0.05	-3.8532e-03
984	0.975	-0.025	0.075	-3.8496e-03
985	0.975	-0.025	0.1	-3.8462e-03
986	0.975	0.	0.	-3.8583e-03
987	0.975	0.	0.025	-3.8635e-03
988	0.975	0.	0.05	-3.8571e-03
989	0.975	0.	0.075	-3.8566e-03
990	0.975	0.	0.1	-3.8492e-03
991	0.975	0.025	0.	-3.8255e-03
992	0.975	0.025	0.025	-3.8639e-03
993	0.975	0.025	0.05	-3.8302e-03
994	0.975	0.025	0.075	-3.8596e-03
995	0.975	0.025	0.1	-3.8617e-03
996	0.975	0.05	0.	-3.8325e-03
997	0.975	0.05	0.025	-3.8407e-03
998	0.975	0.05	0.05	-3.8827e-03
999	0.975	0.05	0.075	-3.8488e-03
1000	0.975	0.05	0.1	-3.8312e-03
1001	1	-0.05	0.	-4.0128e-03
1002	1	-0.05	0.025	-3.9876e-03
1003	1	-0.05	0.05	-3.9693e-03
1004	1	-0.05	0.075	-4.0083e-03
1005	1	-0.05	0.1	-3.9853e-03
1006	1	-0.025	0.	-4.0051e-03
1007	1	-0.025	0.025	-3.9870e-03
1008	1	-0.025	0.05	-4.0113e-03
1009	1	-0.025	0.075	-4.0029e-03
1010	1	-0.025	0.1	-3.9586e-03
1011	1	0.	0.	-4.0061e-03
1012	1	0.	0.025	-3.9954e-03
1013	1	0.	0.05	-4.0227e-03
1014	1	0.	0.075	-4.0063e-03
1015	1	0.	0.1	-4.0121e-03
1016	1	0.025	0.	-3.9886e-03
1017	1	0.025	0.025	-3.9874e-03
1018	1	0.025	0.05	-3.9996e-03
1019	1	0.025	0.075	-3.9942e-03
1020	1	0.025	0.1	-4.0214e-03
1021	1	0.05	0.	-3.9975e-03
1022	1	0.05	0.025	-3.9804e-03
1023	1	0.05	0.05	-3.9868e-03
1024	1	0.05	0.075	-4.0154e-03
1025	1	0.05	0.1	-3.9973e-03
