Node Number	X Location (m)	Y Location (m)	Z Location (m)	Total Deformation (m)
1	0.95	-1.7347e-018	5.e-002	2.2436e-003
2	0.9	9.8608e-032	5.e-002	2.1205e-003
3	0.85	2.4652e-031	5.e-002	1.9955e-003
4	0.8	3.4694e-018	5.e-002	1.8697e-003
5	0.75	-3.6978e-032	5.e-002	1.7434e-003
6	0.7	0.	5.e-002	1.6173e-003
7	0.65	2.4652e-032	5.e-002	1.4917e-003
8	0.6	0.	5.e-002	1.3671e-003
9	0.55	2.4652e-032	5.e-002	1.2438e-003
10	0.5	-3.4694e-018	5.e-002	1.1222e-003
11	0.45	-3.4694e-018	5.e-002	1.0025e-003
12	0.4	5.5467e-032	5.e-002	8.8501e-004
13	0.35	0.	5.e-002	7.6987e-004
14	0.3	0.	5.e-002	6.5722e-004
15	0.25	-6.163e-033	5.e-002	5.4692e-004
16	0.2	-1.7347e-018	5.e-002	4.3932e-004
17	0.15	9.2445e-033	5.e-002	3.3264e-004
18	0.1	-1.7347e-018	5.e-002	2.3363e-004
19	5.e-002	-3.0815e-033	5.e-002	1.2742e-004
20	5.e-002	-6.163e-033	0.	1.5545e-004
21	0.1	-3.4694e-018	0.	2.5273e-004
22	0.15	1.8489e-032	0.	3.4752e-004
23	0.2	-3.4694e-018	0.	4.5023e-004
24	0.25	-1.2326e-032	0.	5.5552e-004
25	0.3	0.	0.	6.6414e-004
26	0.35	0.	0.	7.7557e-004
27	0.4	1.1093e-031	0.	8.8977e-004
28	0.45	-6.9389e-018	0.	1.0065e-003
29	0.5	-6.9389e-018	0.	1.1256e-003
30	0.55	4.9304e-032	0.	1.2468e-003
31	0.6	0.	0.	1.3697e-003
32	0.65	4.9304e-032	0.	1.494e-003
33	0.7	0.	0.	1.6193e-003
34	0.75	-7.3956e-032	0.	1.7452e-003
35	0.8	6.9389e-018	0.	1.8713e-003
36	0.85	4.9304e-031	0.	1.997e-003
37	0.9	1.9722e-031	0.	2.1219e-003
38	0.95	-3.4694e-018	0.	2.2449e-003
39	0.95	0.	0.1	2.2449e-003
40	0.9	0.	0.1	2.1219e-003
41	0.85	0.	0.1	1.997e-003
42	0.8	0.	0.1	1.8713e-003
43	0.75	0.	0.1	1.7452e-003
44	0.7	0.	0.1	1.6193e-003
45	0.65	0.	0.1	1.494e-003
46	0.6	0.	0.1	1.3697e-003
47	0.55	0.	0.1	1.2468e-003
48	0.5	0.	0.1	1.1256e-003
49	0.45	0.	0.1	1.0065e-003
50	0.4	0.	0.1	8.8977e-004
51	0.35	0.	0.1	7.7557e-004
52	0.3	0.	0.1	6.6414e-004
53	0.25	0.	0.1	5.5552e-004
54	0.2	0.	0.1	4.5023e-004
55	0.15	0.	0.1	3.4752e-004
56	0.1	0.	0.1	2.5273e-004
57	5.e-002	0.	0.1	1.5545e-004
58	5.e-002	-5.e-002	0.1	1.7522e-004
59	0.1	-5.e-002	0.1	2.6602e-004
60	0.15	-5.e-002	0.1	3.5314e-004
61	0.2	-5.e-002	0.1	4.4822e-004
62	0.25	-5.e-002	0.1	5.482e-004
63	0.3	-5.e-002	0.1	6.5271e-004
64	0.35	-5.e-002	0.1	7.6105e-004
65	0.4	-5.e-002	0.1	8.7295e-004
66	0.45	-5.e-002	0.1	9.8809e-004
67	0.5	-5.e-002	0.1	1.1062e-003
68	0.55	-5.e-002	0.1	1.2269e-003
69	0.6	-5.e-002	0.1	1.3498e-003
70	0.65	-5.e-002	0.1	1.4746e-003
71	0.7	-5.e-002	0.1	1.6009e-003
72	0.75	-5.e-002	0.1	1.7282e-003
73	0.8	-5.e-002	0.1	1.8561e-003
74	0.85	-5.e-002	0.1	1.9842e-003
75	0.9	-5.e-002	0.1	2.1118e-003
76	0.95	-5.e-002	0.1	2.2386e-003
77	1.	-5.e-002	0.1	2.3633e-003
78	1.	0.	0.1	2.3647e-003
79	1.	5.e-002	0.1	2.3804e-003
80	0.95	5.e-002	0.1	2.2617e-003
81	0.9	5.e-002	0.1	2.142e-003
82	0.85	5.e-002	0.1	2.0203e-003
83	0.8	5.e-002	0.1	1.8975e-003
84	0.75	5.e-002	0.1	1.7738e-003
85	0.7	5.e-002	0.1	1.65e-003
86	0.65	5.e-002	0.1	1.5263e-003
87	0.6	5.e-002	0.1	1.4033e-003
88	0.55	5.e-002	0.1	1.2812e-003
89	0.5	5.e-002	0.1	1.1604e-003
90	0.45	5.e-002	0.1	1.0413e-003
91	0.4	5.e-002	0.1	9.2405e-004
92	0.35	5.e-002	0.1	8.0894e-004
93	0.3	5.e-002	0.1	6.962e-004
94	0.25	5.e-002	0.1	5.8598e-004
95	0.2	5.e-002	0.1	4.7884e-004
96	0.15	5.e-002	0.1	3.7486e-004
97	0.1	5.e-002	0.1	2.7714e-004
98	5.e-002	5.e-002	0.1	1.736e-004
99	0.	5.e-002	0.1	0.
100	0.	0.	0.1	0.
101	0.	-5.e-002	0.1	0.
102	0.	0.	5.e-002	0.
103	0.	0.	0.	0.
104	0.	-5.e-002	0.	0.
105	0.	-5.e-002	5.e-002	0.
106	0.	5.e-002	0.	0.
107	0.	5.e-002	5.e-002	0.
108	0.95	5.e-002	5.e-002	2.2599e-003
109	0.9	5.e-002	5.e-002	2.1401e-003
110	0.85	5.e-002	5.e-002	2.0184e-003
111	0.8	5.e-002	5.e-002	1.8954e-003
112	0.75	5.e-002	5.e-002	1.7717e-003
113	0.7	5.e-002	5.e-002	1.6477e-003
114	0.65	5.e-002	5.e-002	1.5238e-003
115	0.6	5.e-002	5.e-002	1.4005e-003
116	0.55	5.e-002	5.e-002	1.2781e-003
117	0.5	5.e-002	5.e-002	1.1569e-003
118	0.45	5.e-002	5.e-002	1.0373e-003
119	0.4	5.e-002	5.e-002	9.1949e-004
120	0.35	5.e-002	5.e-002	8.0361e-004
121	0.3	5.e-002	5.e-002	6.8986e-004
122	0.25	5.e-002	5.e-002	5.7825e-004
123	0.2	5.e-002	5.e-002	4.6926e-004
124	0.15	5.e-002	5.e-002	3.6201e-004
125	0.1	5.e-002	5.e-002	2.6177e-004
126	5.e-002	5.e-002	5.e-002	1.5806e-004
127	5.e-002	5.e-002	0.	1.736e-004
128	0.1	5.e-002	0.	2.7714e-004
129	0.15	5.e-002	0.	3.7486e-004
130	0.2	5.e-002	0.	4.7884e-004
131	0.25	5.e-002	0.	5.8598e-004
132	0.3	5.e-002	0.	6.962e-004
133	0.35	5.e-002	0.	8.0894e-004
134	0.4	5.e-002	0.	9.2405e-004
135	0.45	5.e-002	0.	1.0413e-003
136	0.5	5.e-002	0.	1.1604e-003
137	0.55	5.e-002	0.	1.2812e-003
138	0.6	5.e-002	0.	1.4033e-003
139	0.65	5.e-002	0.	1.5263e-003
140	0.7	5.e-002	0.	1.65e-003
141	0.75	5.e-002	0.	1.7738e-003
142	0.8	5.e-002	0.	1.8975e-003
143	0.85	5.e-002	0.	2.0203e-003
144	0.9	5.e-002	0.	2.142e-003
145	0.95	5.e-002	0.	2.2617e-003
146	1.	5.e-002	0.	2.3804e-003
147	1.	5.e-002	5.e-002	2.3795e-003
148	1.	0.	5.e-002	2.364e-003
149	1.	0.	0.	2.3647e-003
150	1.	-5.e-002	0.	2.3633e-003
151	1.	-5.e-002	5.e-002	2.3628e-003
152	0.95	-5.e-002	5.e-002	2.2377e-003
153	0.9	-5.e-002	5.e-002	2.1108e-003
154	0.85	-5.e-002	5.e-002	1.983e-003
155	0.8	-5.e-002	5.e-002	1.8548e-003
156	0.75	-5.e-002	5.e-002	1.7267e-003
157	0.7	-5.e-002	5.e-002	1.5991e-003
158	0.65	-5.e-002	5.e-002	1.4725e-003
159	0.6	-5.e-002	5.e-002	1.3473e-003
160	0.55	-5.e-002	5.e-002	1.2239e-003
161	0.5	-5.e-002	5.e-002	1.1027e-003
162	0.45	-5.e-002	5.e-002	9.8389e-004
163	0.4	-5.e-002	5.e-002	8.6791e-004
164	0.35	-5.e-002	5.e-002	7.5494e-004
165	0.3	-5.e-002	5.e-002	6.4523e-004
166	0.25	-5.e-002	5.e-002	5.3885e-004
167	0.2	-5.e-002	5.e-002	4.3638e-004
168	0.15	-5.e-002	5.e-002	3.372e-004
169	0.1	-5.e-002	5.e-002	2.4663e-004
170	5.e-002	-5.e-002	5.e-002	1.5496e-004
171	0.95	-5.e-002	0.	2.2386e-003
172	0.9	-5.e-002	0.	2.1118e-003
173	0.85	-5.e-002	0.	1.9842e-003
174	0.8	-5.e-002	0.	1.8561e-003
175	0.75	-5.e-002	0.	1.7282e-003
176	0.7	-5.e-002	0.	1.6009e-003
177	0.65	-5.e-002	0.	1.4746e-003
178	0.6	-5.e-002	0.	1.3498e-003
179	0.55	-5.e-002	0.	1.2269e-003
180	0.5	-5.e-002	0.	1.1062e-003
181	0.45	-5.e-002	0.	9.8809e-004
182	0.4	-5.e-002	0.	8.7295e-004
183	0.35	-5.e-002	0.	7.6105e-004
184	0.3	-5.e-002	0.	6.5271e-004
185	0.25	-5.e-002	0.	5.482e-004
186	0.2	-5.e-002	0.	4.4822e-004
187	0.15	-5.e-002	0.	3.5314e-004
188	0.1	-5.e-002	0.	2.6602e-004
189	5.e-002	-5.e-002	0.	1.7522e-004
190	0.925	-8.6736e-019	5.e-002	2.1823e-003
191	0.95	-2.6021e-018	2.5e-002	2.2439e-003
192	0.95	-8.6736e-019	7.5e-002	2.2439e-003
193	0.95	2.5e-002	5.e-002	2.2506e-003
194	0.975	-8.6736e-019	5.e-002	2.3044e-003
195	0.95	-2.5e-002	5.e-002	2.2395e-003
196	0.875	1.7256e-031	5.e-002	2.0582e-003
197	0.9	1.4791e-031	2.5e-002	2.1208e-003
198	0.9	4.9304e-032	7.5e-002	2.1208e-003
199	0.9	2.5e-002	5.e-002	2.129e-003
200	0.9	-2.5e-002	5.e-002	2.1144e-003
201	0.825	1.7347e-018	5.e-002	1.9327e-003
202	0.85	3.6978e-031	2.5e-002	1.9959e-003
203	0.85	1.2326e-031	7.5e-002	1.9959e-003
204	0.85	2.5e-002	5.e-002	2.0057e-003
205	0.85	-2.5e-002	5.e-002	1.988e-003
206	0.775	1.7347e-018	5.e-002	1.8066e-003
207	0.8	5.2042e-018	2.5e-002	1.8701e-003
208	0.8	1.7347e-018	7.5e-002	1.8701e-003
209	0.8	2.5e-002	5.e-002	1.8812e-003
210	0.8	-2.5e-002	5.e-002	1.8608e-003
211	0.725	-1.8489e-032	5.e-002	1.6803e-003
212	0.75	-5.5467e-032	2.5e-002	1.7439e-003
213	0.75	-1.8489e-032	7.5e-002	1.7439e-003
214	0.75	2.5e-002	5.e-002	1.7562e-003
215	0.75	-2.5e-002	5.e-002	1.7336e-003
216	0.675	1.2326e-032	5.e-002	1.5544e-003
217	0.7	0.	2.5e-002	1.6178e-003
218	0.7	0.	7.5e-002	1.6178e-003
219	0.7	2.5e-002	5.e-002	1.631e-003
220	0.7	-2.5e-002	5.e-002	1.6066e-003
221	0.625	1.2326e-032	5.e-002	1.4293e-003
222	0.65	3.6978e-032	2.5e-002	1.4923e-003
223	0.65	1.2326e-032	7.5e-002	1.4923e-003
224	0.65	2.5e-002	5.e-002	1.5062e-003
225	0.65	-2.5e-002	5.e-002	1.4804e-003
226	0.575	1.2326e-032	5.e-002	1.3053e-003
227	0.6	0.	2.5e-002	1.3678e-003
228	0.6	0.	7.5e-002	1.3678e-003
229	0.6	2.5e-002	5.e-002	1.3822e-003
230	0.6	-2.5e-002	5.e-002	1.3554e-003
231	0.525	-1.7347e-018	5.e-002	1.1828e-003
232	0.55	3.6978e-032	2.5e-002	1.2446e-003
233	0.55	1.2326e-032	7.5e-002	1.2446e-003
234	0.55	2.5e-002	5.e-002	1.2593e-003
235	0.55	-2.5e-002	5.e-002	1.2319e-003
236	0.475	-3.4694e-018	5.e-002	1.0621e-003
237	0.5	-5.2042e-018	2.5e-002	1.123e-003
238	0.5	-1.7347e-018	7.5e-002	1.123e-003
239	0.5	2.5e-002	5.e-002	1.1378e-003
240	0.5	-2.5e-002	5.e-002	1.1104e-003
241	0.425	-1.7347e-018	5.e-002	9.4346e-004
242	0.45	-5.2042e-018	2.5e-002	1.0035e-003
243	0.45	-1.7347e-018	7.5e-002	1.0035e-003
244	0.45	2.5e-002	5.e-002	1.018e-003
245	0.45	-2.5e-002	5.e-002	9.9101e-004
246	0.375	2.7733e-032	5.e-002	8.2714e-004
247	0.4	8.32e-032	2.5e-002	8.8621e-004
248	0.4	2.7733e-032	7.5e-002	8.8621e-004
249	0.4	2.5e-002	5.e-002	9.0026e-004
250	0.4	-2.5e-002	5.e-002	8.741e-004
251	0.325	0.	5.e-002	7.1323e-004
252	0.35	0.	2.5e-002	7.7132e-004
253	0.35	0.	7.5e-002	7.7132e-004
254	0.35	2.5e-002	5.e-002	7.8462e-004
255	0.35	-2.5e-002	5.e-002	7.5984e-004
256	0.275	-3.0815e-033	5.e-002	6.0177e-004
257	0.3	0.	2.5e-002	6.5896e-004
258	0.3	0.	7.5e-002	6.5896e-004
259	0.3	2.5e-002	5.e-002	6.7122e-004
260	0.3	-2.5e-002	5.e-002	6.4835e-004
261	0.225	-8.6736e-019	5.e-002	4.9281e-004
262	0.25	-9.2445e-033	2.5e-002	5.4915e-004
263	0.25	-3.0815e-033	7.5e-002	5.4915e-004
264	0.25	2.5e-002	5.e-002	5.6008e-004
265	0.25	-2.5e-002	5.e-002	5.3968e-004
266	0.175	-8.6736e-019	5.e-002	3.8582e-004
267	0.2	-2.6021e-018	2.5e-002	4.4193e-004
268	0.2	-8.6736e-019	7.5e-002	4.4193e-004
269	0.2	2.5e-002	5.e-002	4.5119e-004
270	0.2	-2.5e-002	5.e-002	4.339e-004
271	0.125	-8.6736e-019	5.e-002	2.8204e-004
272	0.15	1.3867e-032	2.5e-002	3.3698e-004
273	0.15	4.6222e-033	7.5e-002	3.3698e-004
274	0.15	2.5e-002	5.e-002	3.4429e-004
275	0.15	-2.5e-002	5.e-002	3.3061e-004
276	7.5e-002	-8.6736e-019	5.e-002	1.8089e-004
277	0.1	-2.6021e-018	2.5e-002	2.3646e-004
278	0.1	-8.6736e-019	7.5e-002	2.3646e-004
279	0.1	2.5e-002	5.e-002	2.4123e-004
280	0.1	-2.5e-002	5.e-002	2.3231e-004
281	5.e-002	-4.6222e-033	2.5e-002	1.3776e-004
282	5.e-002	-1.5407e-033	7.5e-002	1.3776e-004
283	2.5e-002	-1.5407e-033	5.e-002	8.8438e-005
284	5.e-002	2.5e-002	5.e-002	1.4017e-004
285	5.e-002	-2.5e-002	5.e-002	1.3567e-004
286	7.5e-002	-1.7347e-018	0.	2.0391e-004
287	2.5e-002	-3.0815e-033	0.	1.0998e-004
288	5.e-002	2.5e-002	0.	1.62e-004
289	5.e-002	-2.5e-002	0.	1.6052e-004
290	0.125	-1.7347e-018	0.	2.9928e-004
291	0.1	2.5e-002	0.	2.5936e-004
292	0.1	-2.5e-002	0.	2.5271e-004
293	0.175	-1.7347e-018	0.	3.9843e-004
294	0.15	2.5e-002	0.	3.5803e-004
295	0.15	-2.5e-002	0.	3.4601e-004
296	0.225	-1.7347e-018	0.	5.0247e-004
297	0.2	2.5e-002	0.	4.6152e-004
298	0.2	-2.5e-002	0.	4.4539e-004
299	0.275	-6.163e-033	0.	6.0946e-004
300	0.25	2.5e-002	0.	5.6822e-004
301	0.25	-2.5e-002	0.	5.4865e-004
302	0.325	0.	0.	7.195e-004
303	0.3	2.5e-002	0.	6.7784e-004
304	0.3	-2.5e-002	0.	6.5555e-004
305	0.375	5.5467e-032	0.	8.3234e-004
306	0.35	2.5e-002	0.	7.9012e-004
307	0.35	-2.5e-002	0.	7.6571e-004
308	0.425	-3.4694e-018	0.	9.4784e-004
309	0.4	2.5e-002	0.	9.0491e-004
310	0.4	-2.5e-002	0.	8.7896e-004
311	0.475	-6.9389e-018	0.	1.0658e-003
312	0.45	2.5e-002	0.	1.022e-003
313	0.45	-2.5e-002	0.	9.9508e-004
314	0.525	-3.4694e-018	0.	1.186e-003
315	0.5	2.5e-002	0.	1.1412e-003
316	0.5	-2.5e-002	0.	1.1138e-003
317	0.575	2.4652e-032	0.	1.308e-003
318	0.55	2.5e-002	0.	1.2623e-003
319	0.55	-2.5e-002	0.	1.2349e-003
320	0.625	2.4652e-032	0.	1.4317e-003
321	0.6	2.5e-002	0.	1.3849e-003
322	0.6	-2.5e-002	0.	1.3579e-003
323	0.675	2.4652e-032	0.	1.5566e-003
324	0.65	2.5e-002	0.	1.5086e-003
325	0.65	-2.5e-002	0.	1.4826e-003
326	0.725	-3.6978e-032	0.	1.6822e-003
327	0.7	2.5e-002	0.	1.6332e-003
328	0.7	-2.5e-002	0.	1.6085e-003
329	0.775	3.4694e-018	0.	1.8083e-003
330	0.75	2.5e-002	0.	1.7581e-003
331	0.75	-2.5e-002	0.	1.7352e-003
332	0.825	3.4694e-018	0.	1.9342e-003
333	0.8	2.5e-002	0.	1.8831e-003
334	0.8	-2.5e-002	0.	1.8623e-003
335	0.875	3.4513e-031	0.	2.0596e-003
336	0.85	2.5e-002	0.	2.0074e-003
337	0.85	-2.5e-002	0.	1.9892e-003
338	0.925	-1.7347e-018	0.	2.1837e-003
339	0.9	2.5e-002	0.	2.1307e-003
340	0.9	-2.5e-002	0.	2.1155e-003
341	0.95	2.5e-002	0.	2.2522e-003
342	0.975	-1.7347e-018	0.	2.3055e-003
343	0.95	-2.5e-002	0.	2.2405e-003
344	0.925	0.	0.1	2.1837e-003
345	0.95	-2.5e-002	0.1	2.2405e-003
346	0.975	0.	0.1	2.3055e-003
347	0.95	2.5e-002	0.1	2.2522e-003
348	0.875	0.	0.1	2.0596e-003
349	0.9	-2.5e-002	0.1	2.1155e-003
350	0.9	2.5e-002	0.1	2.1307e-003
351	0.825	0.	0.1	1.9342e-003
352	0.85	-2.5e-002	0.1	1.9892e-003
353	0.85	2.5e-002	0.1	2.0074e-003
354	0.775	0.	0.1	1.8083e-003
355	0.8	-2.5e-002	0.1	1.8623e-003
356	0.8	2.5e-002	0.1	1.8831e-003
357	0.725	0.	0.1	1.6822e-003
358	0.75	-2.5e-002	0.1	1.7352e-003
359	0.75	2.5e-002	0.1	1.7581e-003
360	0.675	0.	0.1	1.5566e-003
361	0.7	-2.5e-002	0.1	1.6085e-003
362	0.7	2.5e-002	0.1	1.6332e-003
363	0.625	0.	0.1	1.4317e-003
364	0.65	-2.5e-002	0.1	1.4826e-003
365	0.65	2.5e-002	0.1	1.5086e-003
366	0.575	0.	0.1	1.308e-003
367	0.6	-2.5e-002	0.1	1.3579e-003
368	0.6	2.5e-002	0.1	1.3849e-003
369	0.525	0.	0.1	1.186e-003
370	0.55	-2.5e-002	0.1	1.2349e-003
371	0.55	2.5e-002	0.1	1.2623e-003
372	0.475	0.	0.1	1.0658e-003
373	0.5	-2.5e-002	0.1	1.1138e-003
374	0.5	2.5e-002	0.1	1.1412e-003
375	0.425	0.	0.1	9.4784e-004
376	0.45	-2.5e-002	0.1	9.9508e-004
377	0.45	2.5e-002	0.1	1.022e-003
378	0.375	0.	0.1	8.3234e-004
379	0.4	-2.5e-002	0.1	8.7896e-004
380	0.4	2.5e-002	0.1	9.0491e-004
381	0.325	0.	0.1	7.195e-004
382	0.35	-2.5e-002	0.1	7.6571e-004
383	0.35	2.5e-002	0.1	7.9012e-004
384	0.275	0.	0.1	6.0946e-004
385	0.3	-2.5e-002	0.1	6.5555e-004
386	0.3	2.5e-002	0.1	6.7784e-004
387	0.225	0.	0.1	5.0247e-004
388	0.25	-2.5e-002	0.1	5.4865e-004
389	0.25	2.5e-002	0.1	5.6822e-004
390	0.175	0.	0.1	3.9843e-004
391	0.2	-2.5e-002	0.1	4.4539e-004
392	0.2	2.5e-002	0.1	4.6152e-004
393	0.125	0.	0.1	2.9928e-004
394	0.15	-2.5e-002	0.1	3.4601e-004
395	0.15	2.5e-002	0.1	3.5803e-004
396	7.5e-002	0.	0.1	2.0391e-004
397	0.1	-2.5e-002	0.1	2.5271e-004
398	0.1	2.5e-002	0.1	2.5936e-004
399	5.e-002	-2.5e-002	0.1	1.6052e-004
400	5.e-002	2.5e-002	0.1	1.62e-004
401	2.5e-002	0.	0.1	1.0998e-004
402	7.5e-002	-5.e-002	0.1	2.2193e-004
403	2.5e-002	-5.e-002	0.1	1.3666e-004
404	5.e-002	-5.e-002	7.5e-002	1.6133e-004
405	0.125	-5.e-002	0.1	3.0917e-004
406	0.1	-5.e-002	7.5e-002	2.5008e-004
407	0.175	-5.e-002	0.1	3.9984e-004
408	0.15	-5.e-002	7.5e-002	3.4163e-004
409	0.225	-5.e-002	0.1	4.9764e-004
410	0.2	-5.e-002	7.5e-002	4.3927e-004
411	0.275	-5.e-002	0.1	5.9994e-004
412	0.25	-5.e-002	7.5e-002	5.4125e-004
413	0.325	-5.e-002	0.1	7.0642e-004
414	0.3	-5.e-002	7.5e-002	6.4711e-004
415	0.375	-5.e-002	0.1	8.1657e-004
416	0.35	-5.e-002	7.5e-002	7.5649e-004
417	0.425	-5.e-002	0.1	9.3013e-004
418	0.4	-5.e-002	7.5e-002	8.6919e-004
419	0.475	-5.e-002	0.1	1.0468e-003
420	0.45	-5.e-002	7.5e-002	9.8496e-004
421	0.525	-5.e-002	0.1	1.1662e-003
422	0.5	-5.e-002	7.5e-002	1.1036e-003
423	0.575	-5.e-002	0.1	1.2881e-003
424	0.55	-5.e-002	7.5e-002	1.2247e-003
425	0.625	-5.e-002	0.1	1.412e-003
426	0.6	-5.e-002	7.5e-002	1.348e-003
427	0.675	-5.e-002	0.1	1.5376e-003
428	0.65	-5.e-002	7.5e-002	1.4731e-003
429	0.725	-5.e-002	0.1	1.6645e-003
430	0.7	-5.e-002	7.5e-002	1.5996e-003
431	0.775	-5.e-002	0.1	1.7921e-003
432	0.75	-5.e-002	7.5e-002	1.7271e-003
433	0.825	-5.e-002	0.1	1.9202e-003
434	0.8	-5.e-002	7.5e-002	1.8552e-003
435	0.875	-5.e-002	0.1	2.0481e-003
436	0.85	-5.e-002	7.5e-002	1.9833e-003
437	0.925	-5.e-002	0.1	2.1753e-003
438	0.9	-5.e-002	7.5e-002	2.1111e-003
439	0.975	-5.e-002	0.1	2.3014e-003
440	0.95	-5.e-002	7.5e-002	2.238e-003
441	1.	-2.5e-002	0.1	2.3625e-003
442	1.	-5.e-002	7.5e-002	2.3629e-003
443	1.	2.5e-002	0.1	2.3705e-003
444	1.	0.	7.5e-002	2.3641e-003
445	0.975	5.e-002	0.1	2.3208e-003
446	1.	5.e-002	7.5e-002	2.3797e-003
447	0.925	5.e-002	0.1	2.2021e-003
448	0.95	5.e-002	7.5e-002	2.2602e-003
449	0.875	5.e-002	0.1	2.0814e-003
450	0.9	5.e-002	7.5e-002	2.1406e-003
451	0.825	5.e-002	0.1	1.959e-003
452	0.85	5.e-002	7.5e-002	2.0189e-003
453	0.775	5.e-002	0.1	1.8357e-003
454	0.8	5.e-002	7.5e-002	1.8959e-003
455	0.725	5.e-002	0.1	1.7119e-003
456	0.75	5.e-002	7.5e-002	1.7722e-003
457	0.675	5.e-002	0.1	1.5881e-003
458	0.7	5.e-002	7.5e-002	1.6483e-003
459	0.625	5.e-002	0.1	1.4647e-003
460	0.65	5.e-002	7.5e-002	1.5245e-003
461	0.575	5.e-002	0.1	1.3421e-003
462	0.6	5.e-002	7.5e-002	1.4012e-003
463	0.525	5.e-002	0.1	1.2206e-003
464	0.55	5.e-002	7.5e-002	1.2789e-003
465	0.475	5.e-002	0.1	1.1006e-003
466	0.5	5.e-002	7.5e-002	1.1578e-003
467	0.425	5.e-002	0.1	9.8242e-004
468	0.45	5.e-002	7.5e-002	1.0383e-003
469	0.375	5.e-002	0.1	8.6622e-004
470	0.4	5.e-002	7.5e-002	9.2065e-004
471	0.325	5.e-002	0.1	7.5227e-004
472	0.35	5.e-002	7.5e-002	8.0497e-004
473	0.275	5.e-002	0.1	6.4074e-004
474	0.3	5.e-002	7.5e-002	6.9147e-004
475	0.225	5.e-002	0.1	5.3203e-004
476	0.25	5.e-002	7.5e-002	5.8025e-004
477	0.175	5.e-002	0.1	4.2623e-004
478	0.2	5.e-002	7.5e-002	4.716e-004
479	0.125	5.e-002	0.1	3.2577e-004
480	0.15	5.e-002	7.5e-002	3.6564e-004
481	7.5e-002	5.e-002	0.1	2.2589e-004
482	0.1	5.e-002	7.5e-002	2.6429e-004
483	2.5e-002	5.e-002	0.1	1.2803e-004
484	5.e-002	5.e-002	7.5e-002	1.6307e-004
485	0.	2.5e-002	0.1	0.
486	0.	5.e-002	7.5e-002	0.
487	0.	-2.5e-002	0.1	0.
488	0.	0.	7.5e-002	0.
489	0.	-5.e-002	7.5e-002	0.
490	0.	0.	2.5e-002	0.
491	0.	-2.5e-002	5.e-002	0.
492	0.	2.5e-002	5.e-002	0.
493	0.	-2.5e-002	0.	0.
494	0.	2.5e-002	0.	0.
495	0.	-5.e-002	2.5e-002	0.
496	2.5e-002	-5.e-002	0.	1.3666e-004
497	2.5e-002	-5.e-002	5.e-002	1.1265e-004
498	0.	5.e-002	2.5e-002	0.
499	2.5e-002	5.e-002	0.	1.2803e-004
500	2.5e-002	5.e-002	5.e-002	1.0939e-004
501	0.925	5.e-002	5.e-002	2.2002e-003
502	0.95	5.e-002	2.5e-002	2.2602e-003
503	0.975	5.e-002	5.e-002	2.3194e-003
504	0.875	5.e-002	5.e-002	2.0794e-003
505	0.9	5.e-002	2.5e-002	2.1406e-003
506	0.825	5.e-002	5.e-002	1.957e-003
507	0.85	5.e-002	2.5e-002	2.0189e-003
508	0.775	5.e-002	5.e-002	1.8336e-003
509	0.8	5.e-002	2.5e-002	1.8959e-003
510	0.725	5.e-002	5.e-002	1.7097e-003
511	0.75	5.e-002	2.5e-002	1.7722e-003
512	0.675	5.e-002	5.e-002	1.5857e-003
513	0.7	5.e-002	2.5e-002	1.6483e-003
514	0.625	5.e-002	5.e-002	1.4621e-003
515	0.65	5.e-002	2.5e-002	1.5245e-003
516	0.575	5.e-002	5.e-002	1.3392e-003
517	0.6	5.e-002	2.5e-002	1.4012e-003
518	0.525	5.e-002	5.e-002	1.2173e-003
519	0.55	5.e-002	2.5e-002	1.2789e-003
520	0.475	5.e-002	5.e-002	1.0969e-003
521	0.5	5.e-002	2.5e-002	1.1578e-003
522	0.425	5.e-002	5.e-002	9.7817e-004
523	0.45	5.e-002	2.5e-002	1.0383e-003
524	0.375	5.e-002	5.e-002	8.6129e-004
525	0.4	5.e-002	2.5e-002	9.2065e-004
526	0.325	5.e-002	5.e-002	7.4646e-004
527	0.35	5.e-002	2.5e-002	8.0497e-004
528	0.275	5.e-002	5.e-002	6.3377e-004
529	0.3	5.e-002	2.5e-002	6.9147e-004
530	0.225	5.e-002	5.e-002	5.2345e-004
531	0.25	5.e-002	2.5e-002	5.8025e-004
532	0.175	5.e-002	5.e-002	4.1528e-004
533	0.2	5.e-002	2.5e-002	4.716e-004
534	0.125	5.e-002	5.e-002	3.1123e-004
535	0.15	5.e-002	2.5e-002	3.6564e-004
536	7.5e-002	5.e-002	5.e-002	2.0953e-004
537	0.1	5.e-002	2.5e-002	2.6429e-004
538	5.e-002	5.e-002	2.5e-002	1.6307e-004
539	7.5e-002	5.e-002	0.	2.2589e-004
540	0.125	5.e-002	0.	3.2577e-004
541	0.175	5.e-002	0.	4.2623e-004
542	0.225	5.e-002	0.	5.3203e-004
543	0.275	5.e-002	0.	6.4074e-004
544	0.325	5.e-002	0.	7.5227e-004
545	0.375	5.e-002	0.	8.6622e-004
546	0.425	5.e-002	0.	9.8242e-004
547	0.475	5.e-002	0.	1.1006e-003
548	0.525	5.e-002	0.	1.2206e-003
549	0.575	5.e-002	0.	1.3421e-003
550	0.625	5.e-002	0.	1.4647e-003
551	0.675	5.e-002	0.	1.5881e-003
552	0.725	5.e-002	0.	1.7119e-003
553	0.775	5.e-002	0.	1.8357e-003
554	0.825	5.e-002	0.	1.959e-003
555	0.875	5.e-002	0.	2.0814e-003
556	0.925	5.e-002	0.	2.2021e-003
557	0.975	5.e-002	0.	2.3208e-003
558	1.	5.e-002	2.5e-002	2.3797e-003
559	1.	2.5e-002	0.	2.3705e-003
560	1.	2.5e-002	5.e-002	2.3697e-003
561	1.	0.	2.5e-002	2.3641e-003
562	1.	-2.5e-002	5.e-002	2.3619e-003
563	1.	-2.5e-002	0.	2.3625e-003
564	1.	-5.e-002	2.5e-002	2.3629e-003
565	0.975	-5.e-002	0.	2.3014e-003
566	0.975	-5.e-002	5.e-002	2.3006e-003
567	0.925	-5.e-002	5.e-002	2.1744e-003
568	0.95	-5.e-002	2.5e-002	2.238e-003
569	0.875	-5.e-002	5.e-002	2.047e-003
570	0.9	-5.e-002	2.5e-002	2.1111e-003
571	0.825	-5.e-002	5.e-002	1.9189e-003
572	0.85	-5.e-002	2.5e-002	1.9833e-003
573	0.775	-5.e-002	5.e-002	1.7907e-003
574	0.8	-5.e-002	2.5e-002	1.8552e-003
575	0.725	-5.e-002	5.e-002	1.6628e-003
576	0.75	-5.e-002	2.5e-002	1.7271e-003
577	0.675	-5.e-002	5.e-002	1.5356e-003
578	0.7	-5.e-002	2.5e-002	1.5996e-003
579	0.625	-5.e-002	5.e-002	1.4097e-003
580	0.65	-5.e-002	2.5e-002	1.4731e-003
581	0.575	-5.e-002	5.e-002	1.2854e-003
582	0.6	-5.e-002	2.5e-002	1.348e-003
583	0.525	-5.e-002	5.e-002	1.163e-003
584	0.55	-5.e-002	2.5e-002	1.2247e-003
585	0.475	-5.e-002	5.e-002	1.0429e-003
586	0.5	-5.e-002	2.5e-002	1.1036e-003
587	0.425	-5.e-002	5.e-002	9.2554e-004
588	0.45	-5.e-002	2.5e-002	9.8496e-004
589	0.375	-5.e-002	5.e-002	8.1103e-004
590	0.4	-5.e-002	2.5e-002	8.6919e-004
591	0.325	-5.e-002	5.e-002	6.9967e-004
592	0.35	-5.e-002	2.5e-002	7.5649e-004
593	0.275	-5.e-002	5.e-002	5.916e-004
594	0.3	-5.e-002	2.5e-002	6.4711e-004
595	0.225	-5.e-002	5.e-002	4.8712e-004
596	0.25	-5.e-002	2.5e-002	5.4125e-004
597	0.175	-5.e-002	5.e-002	3.8625e-004
598	0.2	-5.e-002	2.5e-002	4.3927e-004
599	0.125	-5.e-002	5.e-002	2.9093e-004
600	0.15	-5.e-002	2.5e-002	3.4163e-004
601	7.5e-002	-5.e-002	5.e-002	2.0073e-004
602	0.1	-5.e-002	2.5e-002	2.5008e-004
603	5.e-002	-5.e-002	2.5e-002	1.6133e-004
604	0.925	-5.e-002	0.	2.1753e-003
605	0.875	-5.e-002	0.	2.0481e-003
606	0.825	-5.e-002	0.	1.9202e-003
607	0.775	-5.e-002	0.	1.7921e-003
608	0.725	-5.e-002	0.	1.6645e-003
609	0.675	-5.e-002	0.	1.5376e-003
610	0.625	-5.e-002	0.	1.412e-003
611	0.575	-5.e-002	0.	1.2881e-003
612	0.525	-5.e-002	0.	1.1662e-003
613	0.475	-5.e-002	0.	1.0468e-003
614	0.425	-5.e-002	0.	9.3013e-004
615	0.375	-5.e-002	0.	8.1657e-004
616	0.325	-5.e-002	0.	7.0642e-004
617	0.275	-5.e-002	0.	5.9994e-004
618	0.225	-5.e-002	0.	4.9764e-004
619	0.175	-5.e-002	0.	3.9984e-004
620	0.125	-5.e-002	0.	3.0917e-004
621	7.5e-002	-5.e-002	0.	2.2193e-004
