Node Number	X Location (m)	Y Location (m)	Z Location (m)	Total Deformation (m)
1	0.95	-1.7347e-018	5.e-002	3.531e-003
2	0.9	9.8608e-032	5.e-002	3.2918e-003
3	0.85	2.4652e-031	5.e-002	3.0514e-003
4	0.8	3.4694e-018	5.e-002	2.8118e-003
5	0.75	-3.6978e-032	5.e-002	2.5745e-003
6	0.7	0.	5.e-002	2.3408e-003
7	0.65	2.4652e-032	5.e-002	2.1121e-003
8	0.6	0.	5.e-002	1.8898e-003
9	0.55	2.4652e-032	5.e-002	1.6751e-003
10	0.5	-3.4694e-018	5.e-002	1.4693e-003
11	0.45	-3.4694e-018	5.e-002	1.2734e-003
12	0.4	5.5467e-032	5.e-002	1.0884e-003
13	0.35	0.	5.e-002	9.1533e-004
14	0.3	0.	5.e-002	7.5467e-004
15	0.25	-6.163e-033	5.e-002	6.0661e-004
16	0.2	-1.7347e-018	5.e-002	4.7137e-004
17	0.15	9.2445e-033	5.e-002	3.4665e-004
18	0.1	-1.7347e-018	5.e-002	2.377e-004
19	5.e-002	-3.0815e-033	5.e-002	1.2789e-004
20	5.e-002	-6.163e-033	0.	1.556e-004
21	0.1	-3.4694e-018	0.	2.5572e-004
22	0.15	1.8489e-032	0.	3.5973e-004
23	0.2	-3.4694e-018	0.	4.8e-004
24	0.25	-1.2326e-032	0.	6.1257e-004
25	0.3	0.	0.	7.5873e-004
26	0.35	0.	0.	9.1805e-004
27	0.4	1.1093e-031	0.	1.0902e-003
28	0.45	-6.9389e-018	0.	1.2744e-003
29	0.5	-6.9389e-018	0.	1.4698e-003
30	0.55	4.9304e-032	0.	1.6753e-003
31	0.6	0.	0.	1.8897e-003
32	0.65	4.9304e-032	0.	2.1118e-003
33	0.7	0.	0.	2.3404e-003
34	0.75	-7.3956e-032	0.	2.574e-003
35	0.8	6.9389e-018	0.	2.8113e-003
36	0.85	4.9304e-031	0.	3.0509e-003
37	0.9	1.9722e-031	0.	3.2913e-003
38	0.95	-3.4694e-018	0.	3.5304e-003
39	0.95	0.	0.1	3.5304e-003
40	0.9	0.	0.1	3.2913e-003
41	0.85	0.	0.1	3.0509e-003
42	0.8	0.	0.1	2.8113e-003
43	0.75	0.	0.1	2.574e-003
44	0.7	0.	0.1	2.3404e-003
45	0.65	0.	0.1	2.1118e-003
46	0.6	0.	0.1	1.8897e-003
47	0.55	0.	0.1	1.6753e-003
48	0.5	0.	0.1	1.4698e-003
49	0.45	0.	0.1	1.2744e-003
50	0.4	0.	0.1	1.0902e-003
51	0.35	0.	0.1	9.1805e-004
52	0.3	0.	0.1	7.5873e-004
53	0.25	0.	0.1	6.1257e-004
54	0.2	0.	0.1	4.8e-004
55	0.15	0.	0.1	3.5973e-004
56	0.1	0.	0.1	2.5572e-004
57	5.e-002	0.	0.1	1.556e-004
58	5.e-002	-5.e-002	0.1	1.7424e-004
59	0.1	-5.e-002	0.1	2.6184e-004
60	0.15	-5.e-002	0.1	3.5354e-004
61	0.2	-5.e-002	0.1	4.6275e-004
62	0.25	-5.e-002	0.1	5.8771e-004
63	0.3	-5.e-002	0.1	7.2828e-004
64	0.35	-5.e-002	0.1	8.8366e-004
65	0.4	-5.e-002	0.1	1.0531e-003
66	0.45	-5.e-002	0.1	1.2355e-003
67	0.5	-5.e-002	0.1	1.4299e-003
68	0.55	-5.e-002	0.1	1.6351e-003
69	0.6	-5.e-002	0.1	1.8497e-003
70	0.65	-5.e-002	0.1	2.0725e-003
71	0.7	-5.e-002	0.1	2.3022e-003
72	0.75	-5.e-002	0.1	2.5373e-003
73	0.8	-5.e-002	0.1	2.7765e-003
74	0.85	-5.e-002	0.1	3.0183e-003
75	0.9	-5.e-002	0.1	3.2613e-003
76	0.95	-5.e-002	0.1	3.504e-003
77	1.	-5.e-002	0.1	3.7431e-003
78	1.	0.	0.1	3.7662e-003
79	1.	5.e-002	0.1	3.816e-003
80	0.95	5.e-002	0.1	3.5786e-003
81	0.9	5.e-002	0.1	3.3435e-003
82	0.85	5.e-002	0.1	3.107e-003
83	0.8	5.e-002	0.1	2.8712e-003
84	0.75	5.e-002	0.1	2.6373e-003
85	0.7	5.e-002	0.1	2.4067e-003
86	0.65	5.e-002	0.1	2.1807e-003
87	0.6	5.e-002	0.1	1.9606e-003
88	0.55	5.e-002	0.1	1.7477e-003
89	0.5	5.e-002	0.1	1.543e-003
90	0.45	5.e-002	0.1	1.3477e-003
91	0.4	5.e-002	0.1	1.1626e-003
92	0.35	5.e-002	0.1	9.8854e-004
93	0.3	5.e-002	0.1	8.2604e-004
94	0.25	5.e-002	0.1	6.7531e-004
95	0.2	5.e-002	0.1	5.3654e-004
96	0.15	5.e-002	0.1	4.0899e-004
97	0.1	5.e-002	0.1	2.9428e-004
98	5.e-002	5.e-002	0.1	1.7823e-004
99	0.	5.e-002	0.1	0.
100	0.	0.	0.1	0.
101	0.	-5.e-002	0.1	0.
102	0.	0.	5.e-002	0.
103	0.	0.	0.	0.
104	0.	-5.e-002	0.	0.
105	0.	-5.e-002	5.e-002	0.
106	0.	5.e-002	0.	0.
107	0.	5.e-002	5.e-002	0.
108	0.95	5.e-002	5.e-002	3.5784e-003
109	0.9	5.e-002	5.e-002	3.343e-003
110	0.85	5.e-002	5.e-002	3.1066e-003
111	0.8	5.e-002	5.e-002	2.8708e-003
112	0.75	5.e-002	5.e-002	2.6369e-003
113	0.7	5.e-002	5.e-002	2.4063e-003
114	0.65	5.e-002	5.e-002	2.1802e-003
115	0.6	5.e-002	5.e-002	1.9601e-003
116	0.55	5.e-002	5.e-002	1.7469e-003
117	0.5	5.e-002	5.e-002	1.542e-003
118	0.45	5.e-002	5.e-002	1.3463e-003
119	0.4	5.e-002	5.e-002	1.1607e-003
120	0.35	5.e-002	5.e-002	9.8588e-004
121	0.3	5.e-002	5.e-002	8.2238e-004
122	0.25	5.e-002	5.e-002	6.7023e-004
123	0.2	5.e-002	5.e-002	5.2954e-004
124	0.15	5.e-002	5.e-002	3.9862e-004
125	0.1	5.e-002	5.e-002	2.8123e-004
126	5.e-002	5.e-002	5.e-002	1.6466e-004
127	5.e-002	5.e-002	0.	1.7823e-004
128	0.1	5.e-002	0.	2.9428e-004
129	0.15	5.e-002	0.	4.0899e-004
130	0.2	5.e-002	0.	5.3654e-004
131	0.25	5.e-002	0.	6.7531e-004
132	0.3	5.e-002	0.	8.2604e-004
133	0.35	5.e-002	0.	9.8854e-004
134	0.4	5.e-002	0.	1.1626e-003
135	0.45	5.e-002	0.	1.3477e-003
136	0.5	5.e-002	0.	1.543e-003
137	0.55	5.e-002	0.	1.7477e-003
138	0.6	5.e-002	0.	1.9606e-003
139	0.65	5.e-002	0.	2.1807e-003
140	0.7	5.e-002	0.	2.4067e-003
141	0.75	5.e-002	0.	2.6373e-003
142	0.8	5.e-002	0.	2.8712e-003
143	0.85	5.e-002	0.	3.107e-003
144	0.9	5.e-002	0.	3.3435e-003
145	0.95	5.e-002	0.	3.5786e-003
146	1.	5.e-002	0.	3.816e-003
147	1.	5.e-002	5.e-002	3.8165e-003
148	1.	0.	5.e-002	3.7672e-003
149	1.	0.	0.	3.7662e-003
150	1.	-5.e-002	0.	3.7431e-003
151	1.	-5.e-002	5.e-002	3.7446e-003
152	0.95	-5.e-002	5.e-002	3.5053e-003
153	0.9	-5.e-002	5.e-002	3.2626e-003
154	0.85	-5.e-002	5.e-002	3.0196e-003
155	0.8	-5.e-002	5.e-002	2.7777e-003
156	0.75	-5.e-002	5.e-002	2.5385e-003
157	0.7	-5.e-002	5.e-002	2.3032e-003
158	0.65	-5.e-002	5.e-002	2.0734e-003
159	0.6	-5.e-002	5.e-002	1.8503e-003
160	0.55	-5.e-002	5.e-002	1.6354e-003
161	0.5	-5.e-002	5.e-002	1.4297e-003
162	0.45	-5.e-002	5.e-002	1.2347e-003
163	0.4	-5.e-002	5.e-002	1.0513e-003
164	0.35	-5.e-002	5.e-002	8.8073e-004
165	0.3	-5.e-002	5.e-002	7.2372e-004
166	0.25	-5.e-002	5.e-002	5.8084e-004
167	0.2	-5.e-002	5.e-002	4.5272e-004
168	0.15	-5.e-002	5.e-002	3.3849e-004
169	0.1	-5.e-002	5.e-002	2.4194e-004
170	5.e-002	-5.e-002	5.e-002	1.5255e-004
171	0.95	-5.e-002	0.	3.504e-003
172	0.9	-5.e-002	0.	3.2613e-003
173	0.85	-5.e-002	0.	3.0183e-003
174	0.8	-5.e-002	0.	2.7765e-003
175	0.75	-5.e-002	0.	2.5373e-003
176	0.7	-5.e-002	0.	2.3022e-003
177	0.65	-5.e-002	0.	2.0725e-003
178	0.6	-5.e-002	0.	1.8497e-003
179	0.55	-5.e-002	0.	1.6351e-003
180	0.5	-5.e-002	0.	1.4299e-003
181	0.45	-5.e-002	0.	1.2355e-003
182	0.4	-5.e-002	0.	1.0531e-003
183	0.35	-5.e-002	0.	8.8366e-004
184	0.3	-5.e-002	0.	7.2828e-004
185	0.25	-5.e-002	0.	5.8771e-004
186	0.2	-5.e-002	0.	4.6275e-004
187	0.15	-5.e-002	0.	3.5354e-004
188	0.1	-5.e-002	0.	2.6184e-004
189	5.e-002	-5.e-002	0.	1.7424e-004
190	0.925	-8.6736e-019	5.e-002	3.4117e-003
191	0.95	-2.6021e-018	2.5e-002	3.5309e-003
192	0.95	-8.6736e-019	7.5e-002	3.5309e-003
193	0.95	2.5e-002	5.e-002	3.5523e-003
194	0.975	-8.6736e-019	5.e-002	3.6502e-003
195	0.95	-2.5e-002	5.e-002	3.5156e-003
196	0.875	1.7256e-031	5.e-002	3.1716e-003
197	0.9	1.4791e-031	2.5e-002	3.2917e-003
198	0.9	4.9304e-032	7.5e-002	3.2917e-003
199	0.9	2.5e-002	5.e-002	3.3147e-003
200	0.9	-2.5e-002	5.e-002	3.2744e-003
201	0.825	1.7347e-018	5.e-002	2.9315e-003
202	0.85	3.6978e-031	2.5e-002	3.0513e-003
203	0.85	1.2326e-031	7.5e-002	3.0513e-003
204	0.85	2.5e-002	5.e-002	3.0762e-003
205	0.85	-2.5e-002	5.e-002	3.0325e-003
206	0.775	1.7347e-018	5.e-002	2.6928e-003
207	0.8	5.2042e-018	2.5e-002	2.8117e-003
208	0.8	1.7347e-018	7.5e-002	2.8117e-003
209	0.8	2.5e-002	5.e-002	2.8383e-003
210	0.8	-2.5e-002	5.e-002	2.7916e-003
211	0.725	-1.8489e-032	5.e-002	2.4571e-003
212	0.75	-5.5467e-032	2.5e-002	2.5744e-003
213	0.75	-1.8489e-032	7.5e-002	2.5744e-003
214	0.75	2.5e-002	5.e-002	2.6025e-003
215	0.75	-2.5e-002	5.e-002	2.5531e-003
216	0.675	1.2326e-032	5.e-002	2.2258e-003
217	0.7	0.	2.5e-002	2.3407e-003
218	0.7	0.	7.5e-002	2.3407e-003
219	0.7	2.5e-002	5.e-002	2.3702e-003
220	0.7	-2.5e-002	5.e-002	2.3184e-003
221	0.625	1.2326e-032	5.e-002	2.0001e-003
222	0.65	3.6978e-032	2.5e-002	2.1121e-003
223	0.65	1.2326e-032	7.5e-002	2.1121e-003
224	0.65	2.5e-002	5.e-002	2.1427e-003
225	0.65	-2.5e-002	5.e-002	2.0889e-003
226	0.575	1.2326e-032	5.e-002	1.7814e-003
227	0.6	0.	2.5e-002	1.8898e-003
228	0.6	0.	7.5e-002	1.8898e-003
229	0.6	2.5e-002	5.e-002	1.9213e-003
230	0.6	-2.5e-002	5.e-002	1.866e-003
231	0.525	-1.7347e-018	5.e-002	1.571e-003
232	0.55	3.6978e-032	2.5e-002	1.6752e-003
233	0.55	1.2326e-032	7.5e-002	1.6752e-003
234	0.55	2.5e-002	5.e-002	1.7073e-003
235	0.55	-2.5e-002	5.e-002	1.651e-003
236	0.475	-3.4694e-018	5.e-002	1.37e-003
237	0.5	-5.2042e-018	2.5e-002	1.4694e-003
238	0.5	-1.7347e-018	7.5e-002	1.4694e-003
239	0.5	2.5e-002	5.e-002	1.5018e-003
240	0.5	-2.5e-002	5.e-002	1.4451e-003
241	0.425	-1.7347e-018	5.e-002	1.1795e-003
242	0.45	-5.2042e-018	2.5e-002	1.2736e-003
243	0.45	-1.7347e-018	7.5e-002	1.2736e-003
244	0.45	2.5e-002	5.e-002	1.3059e-003
245	0.45	-2.5e-002	5.e-002	1.2494e-003
246	0.375	2.7733e-032	5.e-002	1.0004e-003
247	0.4	8.32e-032	2.5e-002	1.0889e-003
248	0.4	2.7733e-032	7.5e-002	1.0889e-003
249	0.4	2.5e-002	5.e-002	1.1206e-003
250	0.4	-2.5e-002	5.e-002	1.0651e-003
251	0.325	0.	5.e-002	8.3342e-004
252	0.35	0.	2.5e-002	9.1603e-004
253	0.35	0.	7.5e-002	9.1603e-004
254	0.35	2.5e-002	5.e-002	9.4664e-004
255	0.35	-2.5e-002	5.e-002	8.9303e-004
256	0.275	-3.0815e-033	5.e-002	6.7906e-004
257	0.3	0.	2.5e-002	7.5569e-004
258	0.3	0.	7.5e-002	7.5569e-004
259	0.3	2.5e-002	5.e-002	7.8454e-004
260	0.3	-2.5e-002	5.e-002	7.3398e-004
261	0.225	-8.6736e-019	5.e-002	5.3744e-004
262	0.25	-9.2445e-033	2.5e-002	6.0817e-004
263	0.25	-3.0815e-033	7.5e-002	6.0817e-004
264	0.25	2.5e-002	5.e-002	6.3449e-004
265	0.25	-2.5e-002	5.e-002	5.8829e-004
266	0.175	-8.6736e-019	5.e-002	4.0772e-004
267	0.2	-2.6021e-018	2.5e-002	4.7341e-004
268	0.2	-8.6736e-019	7.5e-002	4.7341e-004
269	0.2	2.5e-002	5.e-002	4.9627e-004
270	0.2	-2.5e-002	5.e-002	4.5607e-004
271	0.125	-8.6736e-019	5.e-002	2.9015e-004
272	0.15	1.3867e-032	2.5e-002	3.505e-004
273	0.15	4.6222e-033	7.5e-002	3.505e-004
274	0.15	2.5e-002	5.e-002	3.6896e-004
275	0.15	-2.5e-002	5.e-002	3.3636e-004
276	7.5e-002	-8.6736e-019	5.e-002	1.8254e-004
277	0.1	-2.6021e-018	2.5e-002	2.4027e-004
278	0.1	-8.6736e-019	7.5e-002	2.4027e-004
279	0.1	2.5e-002	5.e-002	2.5281e-004
280	0.1	-2.5e-002	5.e-002	2.3064e-004
281	5.e-002	-4.6222e-033	2.5e-002	1.3816e-004
282	5.e-002	-1.5407e-033	7.5e-002	1.3816e-004
283	2.5e-002	-1.5407e-033	5.e-002	8.8451e-005
284	5.e-002	2.5e-002	5.e-002	1.4458e-004
285	5.e-002	-2.5e-002	5.e-002	1.3276e-004
286	7.5e-002	-1.7347e-018	0.	2.0487e-004
287	2.5e-002	-3.0815e-033	0.	1.0998e-004
288	5.e-002	2.5e-002	0.	1.6493e-004
289	5.e-002	-2.5e-002	0.	1.5868e-004
290	0.125	-1.7347e-018	0.	3.0591e-004
291	0.1	2.5e-002	0.	2.6905e-004
292	0.1	-2.5e-002	0.	2.5079e-004
293	0.175	-1.7347e-018	0.	4.1826e-004
294	0.15	2.5e-002	0.	3.8047e-004
295	0.15	-2.5e-002	0.	3.5044e-004
296	0.225	-1.7347e-018	0.	5.4461e-004
297	0.2	2.5e-002	0.	5.0411e-004
298	0.2	-2.5e-002	0.	4.6549e-004
299	0.275	-6.163e-033	0.	6.8398e-004
300	0.25	2.5e-002	0.	6.3995e-004
301	0.25	-2.5e-002	0.	5.9466e-004
302	0.325	0.	0.	8.3676e-004
303	0.3	2.5e-002	0.	7.8836e-004
304	0.3	-2.5e-002	0.	7.3825e-004
305	0.375	5.5467e-032	0.	1.0026e-003
306	0.35	2.5e-002	0.	9.4929e-004
307	0.35	-2.5e-002	0.	8.9579e-004
308	0.425	-3.4694e-018	0.	1.1808e-003
309	0.4	2.5e-002	0.	1.1224e-003
310	0.4	-2.5e-002	0.	1.0667e-003
311	0.475	-6.9389e-018	0.	1.3708e-003
312	0.45	2.5e-002	0.	1.3071e-003
313	0.45	-2.5e-002	0.	1.2502e-003
314	0.525	-3.4694e-018	0.	1.5713e-003
315	0.5	2.5e-002	0.	1.5025e-003
316	0.5	-2.5e-002	0.	1.4453e-003
317	0.575	2.4652e-032	0.	1.7814e-003
318	0.55	2.5e-002	0.	1.7077e-003
319	0.55	-2.5e-002	0.	1.6508e-003
320	0.625	2.4652e-032	0.	1.9999e-003
321	0.6	2.5e-002	0.	1.9215e-003
322	0.6	-2.5e-002	0.	1.8656e-003
323	0.675	2.4652e-032	0.	2.2254e-003
324	0.65	2.5e-002	0.	2.1427e-003
325	0.65	-2.5e-002	0.	2.0882e-003
326	0.725	-3.6978e-032	0.	2.4566e-003
327	0.7	2.5e-002	0.	2.3702e-003
328	0.7	-2.5e-002	0.	2.3175e-003
329	0.775	3.4694e-018	0.	2.6923e-003
330	0.75	2.5e-002	0.	2.6024e-003
331	0.75	-2.5e-002	0.	2.5521e-003
332	0.825	3.4694e-018	0.	2.9309e-003
333	0.8	2.5e-002	0.	2.8382e-003
334	0.8	-2.5e-002	0.	2.7906e-003
335	0.875	3.4513e-031	0.	3.1711e-003
336	0.85	2.5e-002	0.	3.0761e-003
337	0.85	-2.5e-002	0.	3.0315e-003
338	0.925	-1.7347e-018	0.	3.4112e-003
339	0.9	2.5e-002	0.	3.3147e-003
340	0.9	-2.5e-002	0.	3.2734e-003
341	0.95	2.5e-002	0.	3.5522e-003
342	0.975	-1.7347e-018	0.	3.6495e-003
343	0.95	-2.5e-002	0.	3.5145e-003
344	0.925	0.	0.1	3.4112e-003
345	0.95	-2.5e-002	0.1	3.5145e-003
346	0.975	0.	0.1	3.6495e-003
347	0.95	2.5e-002	0.1	3.5522e-003
348	0.875	0.	0.1	3.1711e-003
349	0.9	-2.5e-002	0.1	3.2734e-003
350	0.9	2.5e-002	0.1	3.3147e-003
351	0.825	0.	0.1	2.9309e-003
352	0.85	-2.5e-002	0.1	3.0315e-003
353	0.85	2.5e-002	0.1	3.0761e-003
354	0.775	0.	0.1	2.6923e-003
355	0.8	-2.5e-002	0.1	2.7906e-003
356	0.8	2.5e-002	0.1	2.8382e-003
357	0.725	0.	0.1	2.4566e-003
358	0.75	-2.5e-002	0.1	2.5521e-003
359	0.75	2.5e-002	0.1	2.6024e-003
360	0.675	0.	0.1	2.2254e-003
361	0.7	-2.5e-002	0.1	2.3175e-003
362	0.7	2.5e-002	0.1	2.3702e-003
363	0.625	0.	0.1	1.9999e-003
364	0.65	-2.5e-002	0.1	2.0882e-003
365	0.65	2.5e-002	0.1	2.1427e-003
366	0.575	0.	0.1	1.7814e-003
367	0.6	-2.5e-002	0.1	1.8656e-003
368	0.6	2.5e-002	0.1	1.9215e-003
369	0.525	0.	0.1	1.5713e-003
370	0.55	-2.5e-002	0.1	1.6508e-003
371	0.55	2.5e-002	0.1	1.7077e-003
372	0.475	0.	0.1	1.3708e-003
373	0.5	-2.5e-002	0.1	1.4453e-003
374	0.5	2.5e-002	0.1	1.5025e-003
375	0.425	0.	0.1	1.1808e-003
376	0.45	-2.5e-002	0.1	1.2502e-003
377	0.45	2.5e-002	0.1	1.3071e-003
378	0.375	0.	0.1	1.0026e-003
379	0.4	-2.5e-002	0.1	1.0667e-003
380	0.4	2.5e-002	0.1	1.1224e-003
381	0.325	0.	0.1	8.3676e-004
382	0.35	-2.5e-002	0.1	8.9579e-004
383	0.35	2.5e-002	0.1	9.4929e-004
384	0.275	0.	0.1	6.8398e-004
385	0.3	-2.5e-002	0.1	7.3825e-004
386	0.3	2.5e-002	0.1	7.8836e-004
387	0.225	0.	0.1	5.4461e-004
388	0.25	-2.5e-002	0.1	5.9466e-004
389	0.25	2.5e-002	0.1	6.3995e-004
390	0.175	0.	0.1	4.1826e-004
391	0.2	-2.5e-002	0.1	4.6549e-004
392	0.2	2.5e-002	0.1	5.0411e-004
393	0.125	0.	0.1	3.0591e-004
394	0.15	-2.5e-002	0.1	3.5044e-004
395	0.15	2.5e-002	0.1	3.8047e-004
396	7.5e-002	0.	0.1	2.0487e-004
397	0.1	-2.5e-002	0.1	2.5079e-004
398	0.1	2.5e-002	0.1	2.6905e-004
399	5.e-002	-2.5e-002	0.1	1.5868e-004
400	5.e-002	2.5e-002	0.1	1.6493e-004
401	2.5e-002	0.	0.1	1.0998e-004
402	7.5e-002	-5.e-002	0.1	2.1921e-004
403	2.5e-002	-5.e-002	0.1	1.385e-004
404	5.e-002	-5.e-002	7.5e-002	1.5898e-004
405	0.125	-5.e-002	0.1	3.0615e-004
406	0.1	-5.e-002	7.5e-002	2.4564e-004
407	0.175	-5.e-002	0.1	4.0602e-004
408	0.15	-5.e-002	7.5e-002	3.4266e-004
409	0.225	-5.e-002	0.1	5.2327e-004
410	0.2	-5.e-002	7.5e-002	4.5516e-004
411	0.275	-5.e-002	0.1	6.561e-004
412	0.25	-5.e-002	7.5e-002	5.8262e-004
413	0.325	-5.e-002	0.1	8.0416e-004
414	0.3	-5.e-002	7.5e-002	7.2488e-004
415	0.375	-5.e-002	0.1	9.6667e-004
416	0.35	-5.e-002	7.5e-002	8.8149e-004
417	0.425	-5.e-002	0.1	1.1427e-003
418	0.4	-5.e-002	7.5e-002	1.0518e-003
419	0.475	-5.e-002	0.1	1.3313e-003
420	0.45	-5.e-002	7.5e-002	1.2349e-003
421	0.525	-5.e-002	0.1	1.5312e-003
422	0.5	-5.e-002	7.5e-002	1.4298e-003
423	0.575	-5.e-002	0.1	1.7413e-003
424	0.55	-5.e-002	7.5e-002	1.6353e-003
425	0.625	-5.e-002	0.1	1.9602e-003
426	0.6	-5.e-002	7.5e-002	1.8502e-003
427	0.675	-5.e-002	0.1	2.1866e-003
428	0.65	-5.e-002	7.5e-002	2.0732e-003
429	0.725	-5.e-002	0.1	2.4192e-003
430	0.7	-5.e-002	7.5e-002	2.303e-003
431	0.775	-5.e-002	0.1	2.6565e-003
432	0.75	-5.e-002	7.5e-002	2.5382e-003
433	0.825	-5.e-002	0.1	2.8972e-003
434	0.8	-5.e-002	7.5e-002	2.7775e-003
435	0.875	-5.e-002	0.1	3.1398e-003
436	0.85	-5.e-002	7.5e-002	3.0193e-003
437	0.925	-5.e-002	0.1	3.3828e-003
438	0.9	-5.e-002	7.5e-002	3.2624e-003
439	0.975	-5.e-002	0.1	3.6242e-003
440	0.95	-5.e-002	7.5e-002	3.505e-003
441	1.	-2.5e-002	0.1	3.7518e-003
442	1.	-5.e-002	7.5e-002	3.7443e-003
443	1.	2.5e-002	0.1	3.7875e-003
444	1.	0.	7.5e-002	3.7669e-003
445	0.975	5.e-002	0.1	3.6958e-003
446	1.	5.e-002	7.5e-002	3.8164e-003
447	0.925	5.e-002	0.1	3.4612e-003
448	0.95	5.e-002	7.5e-002	3.5784e-003
449	0.875	5.e-002	0.1	3.2253e-003
450	0.9	5.e-002	7.5e-002	3.3431e-003
451	0.825	5.e-002	0.1	2.989e-003
452	0.85	5.e-002	7.5e-002	3.1067e-003
453	0.775	5.e-002	0.1	2.7539e-003
454	0.8	5.e-002	7.5e-002	2.8709e-003
455	0.725	5.e-002	0.1	2.5215e-003
456	0.75	5.e-002	7.5e-002	2.637e-003
457	0.675	5.e-002	0.1	2.293e-003
458	0.7	5.e-002	7.5e-002	2.4064e-003
459	0.625	5.e-002	0.1	2.0698e-003
460	0.65	5.e-002	7.5e-002	2.1804e-003
461	0.575	5.e-002	0.1	1.8532e-003
462	0.6	5.e-002	7.5e-002	1.9602e-003
463	0.525	5.e-002	0.1	1.6442e-003
464	0.55	5.e-002	7.5e-002	1.7471e-003
465	0.475	5.e-002	0.1	1.4441e-003
466	0.5	5.e-002	7.5e-002	1.5423e-003
467	0.425	5.e-002	0.1	1.2538e-003
468	0.45	5.e-002	7.5e-002	1.3466e-003
469	0.375	5.e-002	0.1	1.0742e-003
470	0.4	5.e-002	7.5e-002	1.1612e-003
471	0.325	5.e-002	0.1	9.0583e-004
472	0.35	5.e-002	7.5e-002	9.8658e-004
473	0.275	5.e-002	0.1	7.4918e-004
474	0.3	5.e-002	7.5e-002	8.2332e-004
475	0.225	5.e-002	0.1	6.0448e-004
476	0.25	5.e-002	7.5e-002	6.7156e-004
477	0.175	5.e-002	0.1	4.7121e-004
478	0.2	5.e-002	7.5e-002	5.3124e-004
479	0.125	5.e-002	0.1	3.5069e-004
480	0.15	5.e-002	7.5e-002	4.0161e-004
481	7.5e-002	5.e-002	0.1	2.3596e-004
482	0.1	5.e-002	7.5e-002	2.8317e-004
483	2.5e-002	5.e-002	0.1	1.2746e-004
484	5.e-002	5.e-002	7.5e-002	1.6928e-004
485	0.	2.5e-002	0.1	0.
486	0.	5.e-002	7.5e-002	0.
487	0.	-2.5e-002	0.1	0.
488	0.	0.	7.5e-002	0.
489	0.	-5.e-002	7.5e-002	0.
490	0.	0.	2.5e-002	0.
491	0.	-2.5e-002	5.e-002	0.
492	0.	2.5e-002	5.e-002	0.
493	0.	-2.5e-002	0.	0.
494	0.	2.5e-002	0.	0.
495	0.	-5.e-002	2.5e-002	0.
496	2.5e-002	-5.e-002	0.	1.385e-004
497	2.5e-002	-5.e-002	5.e-002	1.1225e-004
498	0.	5.e-002	2.5e-002	0.
499	2.5e-002	5.e-002	0.	1.2746e-004
500	2.5e-002	5.e-002	5.e-002	1.1105e-004
501	0.925	5.e-002	5.e-002	3.4608e-003
502	0.95	5.e-002	2.5e-002	3.5784e-003
503	0.975	5.e-002	5.e-002	3.6959e-003
504	0.875	5.e-002	5.e-002	3.2248e-003
505	0.9	5.e-002	2.5e-002	3.3431e-003
506	0.825	5.e-002	5.e-002	2.9886e-003
507	0.85	5.e-002	2.5e-002	3.1067e-003
508	0.775	5.e-002	5.e-002	2.7535e-003
509	0.8	5.e-002	2.5e-002	2.8709e-003
510	0.725	5.e-002	5.e-002	2.5211e-003
511	0.75	5.e-002	2.5e-002	2.637e-003
512	0.675	5.e-002	5.e-002	2.2926e-003
513	0.7	5.e-002	2.5e-002	2.4064e-003
514	0.625	5.e-002	5.e-002	2.0693e-003
515	0.65	5.e-002	2.5e-002	2.1804e-003
516	0.575	5.e-002	5.e-002	1.8525e-003
517	0.6	5.e-002	2.5e-002	1.9602e-003
518	0.525	5.e-002	5.e-002	1.6434e-003
519	0.55	5.e-002	2.5e-002	1.7471e-003
520	0.475	5.e-002	5.e-002	1.4429e-003
521	0.5	5.e-002	2.5e-002	1.5423e-003
522	0.425	5.e-002	5.e-002	1.2522e-003
523	0.45	5.e-002	2.5e-002	1.3466e-003
524	0.375	5.e-002	5.e-002	1.0719e-003
525	0.4	5.e-002	2.5e-002	1.1612e-003
526	0.325	5.e-002	5.e-002	9.027e-004
527	0.35	5.e-002	2.5e-002	9.8658e-004
528	0.275	5.e-002	5.e-002	7.4488e-004
529	0.3	5.e-002	2.5e-002	8.2332e-004
530	0.225	5.e-002	5.e-002	5.9851e-004
531	0.25	5.e-002	2.5e-002	6.7156e-004
532	0.175	5.e-002	5.e-002	4.6279e-004
533	0.2	5.e-002	2.5e-002	5.3124e-004
534	0.125	5.e-002	5.e-002	3.3862e-004
535	0.15	5.e-002	2.5e-002	4.0161e-004
536	7.5e-002	5.e-002	5.e-002	2.2196e-004
537	0.1	5.e-002	2.5e-002	2.8317e-004
538	5.e-002	5.e-002	2.5e-002	1.6928e-004
539	7.5e-002	5.e-002	0.	2.3596e-004
540	0.125	5.e-002	0.	3.5069e-004
541	0.175	5.e-002	0.	4.7121e-004
542	0.225	5.e-002	0.	6.0448e-004
543	0.275	5.e-002	0.	7.4918e-004
544	0.325	5.e-002	0.	9.0583e-004
545	0.375	5.e-002	0.	1.0742e-003
546	0.425	5.e-002	0.	1.2538e-003
547	0.475	5.e-002	0.	1.4441e-003
548	0.525	5.e-002	0.	1.6442e-003
549	0.575	5.e-002	0.	1.8532e-003
550	0.625	5.e-002	0.	2.0698e-003
551	0.675	5.e-002	0.	2.293e-003
552	0.725	5.e-002	0.	2.5215e-003
553	0.775	5.e-002	0.	2.7539e-003
554	0.825	5.e-002	0.	2.989e-003
555	0.875	5.e-002	0.	3.2253e-003
556	0.925	5.e-002	0.	3.4612e-003
557	0.975	5.e-002	0.	3.6958e-003
558	1.	5.e-002	2.5e-002	3.8164e-003
559	1.	2.5e-002	0.	3.7875e-003
560	1.	2.5e-002	5.e-002	3.7882e-003
561	1.	0.	2.5e-002	3.7669e-003
562	1.	-2.5e-002	5.e-002	3.7531e-003
563	1.	-2.5e-002	0.	3.7518e-003
564	1.	-5.e-002	2.5e-002	3.7443e-003
565	0.975	-5.e-002	0.	3.6242e-003
566	0.975	-5.e-002	5.e-002	3.6256e-003
567	0.925	-5.e-002	5.e-002	3.3841e-003
568	0.95	-5.e-002	2.5e-002	3.505e-003
569	0.875	-5.e-002	5.e-002	3.141e-003
570	0.9	-5.e-002	2.5e-002	3.2624e-003
571	0.825	-5.e-002	5.e-002	2.8984e-003
572	0.85	-5.e-002	2.5e-002	3.0193e-003
573	0.775	-5.e-002	5.e-002	2.6577e-003
574	0.8	-5.e-002	2.5e-002	2.7775e-003
575	0.725	-5.e-002	5.e-002	2.4203e-003
576	0.75	-5.e-002	2.5e-002	2.5382e-003
577	0.675	-5.e-002	5.e-002	2.1876e-003
578	0.7	-5.e-002	2.5e-002	2.303e-003
579	0.625	-5.e-002	5.e-002	1.9609e-003
580	0.65	-5.e-002	2.5e-002	2.0732e-003
581	0.575	-5.e-002	5.e-002	1.7418e-003
582	0.6	-5.e-002	2.5e-002	1.8502e-003
583	0.525	-5.e-002	5.e-002	1.5313e-003
584	0.55	-5.e-002	2.5e-002	1.6353e-003
585	0.475	-5.e-002	5.e-002	1.3308e-003
586	0.5	-5.e-002	2.5e-002	1.4298e-003
587	0.425	-5.e-002	5.e-002	1.1415e-003
588	0.45	-5.e-002	2.5e-002	1.2349e-003
589	0.375	-5.e-002	5.e-002	9.6438e-004
590	0.4	-5.e-002	2.5e-002	1.0518e-003
591	0.325	-5.e-002	5.e-002	8.0048e-004
592	0.35	-5.e-002	2.5e-002	8.8149e-004
593	0.275	-5.e-002	5.e-002	6.5049e-004
594	0.3	-5.e-002	2.5e-002	7.2488e-004
595	0.225	-5.e-002	5.e-002	5.1494e-004
596	0.25	-5.e-002	2.5e-002	5.8262e-004
597	0.175	-5.e-002	5.e-002	3.9382e-004
598	0.2	-5.e-002	2.5e-002	4.5516e-004
599	0.125	-5.e-002	5.e-002	2.881e-004
600	0.15	-5.e-002	2.5e-002	3.4266e-004
601	7.5e-002	-5.e-002	5.e-002	1.9676e-004
602	0.1	-5.e-002	2.5e-002	2.4564e-004
603	5.e-002	-5.e-002	2.5e-002	1.5898e-004
604	0.925	-5.e-002	0.	3.3828e-003
605	0.875	-5.e-002	0.	3.1398e-003
606	0.825	-5.e-002	0.	2.8972e-003
607	0.775	-5.e-002	0.	2.6565e-003
608	0.725	-5.e-002	0.	2.4192e-003
609	0.675	-5.e-002	0.	2.1866e-003
610	0.625	-5.e-002	0.	1.9602e-003
611	0.575	-5.e-002	0.	1.7413e-003
612	0.525	-5.e-002	0.	1.5312e-003
613	0.475	-5.e-002	0.	1.3313e-003
614	0.425	-5.e-002	0.	1.1427e-003
615	0.375	-5.e-002	0.	9.6667e-004
616	0.325	-5.e-002	0.	8.0416e-004
617	0.275	-5.e-002	0.	6.561e-004
618	0.225	-5.e-002	0.	5.2327e-004
619	0.175	-5.e-002	0.	4.0602e-004
620	0.125	-5.e-002	0.	3.0615e-004
621	7.5e-002	-5.e-002	0.	2.1921e-004
