Node Number	X Location (m)	Y Location (m)	Z Location (m)	Directional Deformation (m)
1	0.	-0.05	0.	-0.0000e+00
2	0.	-0.05	0.025	-0.0000e+00
3	0.	-0.05	0.05	-0.0000e+00
4	0.	-0.05	0.075	-0.0000e+00
5	0.	-0.05	0.1	-0.0000e+00
6	0.	-0.025	0.	-0.0000e+00
7	0.	-0.025	0.025	-0.0000e+00
8	0.	-0.025	0.05	-0.0000e+00
9	0.	-0.025	0.075	-0.0000e+00
10	0.	-0.025	0.1	-0.0000e+00
11	0.	0.	0.	-0.0000e+00
12	0.	0.	0.025	-0.0000e+00
13	0.	0.	0.05	-0.0000e+00
14	0.	0.	0.075	-0.0000e+00
15	0.	0.	0.1	-0.0000e+00
16	0.	0.025	0.	-0.0000e+00
17	0.	0.025	0.025	-0.0000e+00
18	0.	0.025	0.05	-0.0000e+00
19	0.	0.025	0.075	-0.0000e+00
20	0.	0.025	0.1	-0.0000e+00
21	0.	0.05	0.	-0.0000e+00
22	0.	0.05	0.025	-0.0000e+00
23	0.	0.05	0.05	-0.0000e+00
24	0.	0.05	0.075	-0.0000e+00
25	0.	0.05	0.1	-0.0000e+00
26	0.025	-0.05	0.	-7.4600e-06
27	0.025	-0.05	0.025	-7.4249e-06
28	0.025	-0.05	0.05	-7.4125e-06
29	0.025	-0.05	0.075	-7.4617e-06
30	0.025	-0.05	0.1	-7.4511e-06
31	0.025	-0.025	0.	-7.4313e-06
32	0.025	-0.025	0.025	-7.4270e-06
33	0.025	-0.025	0.05	-7.4488e-06
34	0.025	-0.025	0.075	-7.4535e-06
35	0.025	-0.025	0.1	-7.4437e-06
36	0.025	0.	0.	-7.4411e-06
37	0.025	0.	0.025	-7.4195e-06
38	0.025	0.	0.05	-7.4212e-06
39	0.025	0.	0.075	-7.4324e-06
40	0.025	0.	0.1	-7.4089e-06
41	0.025	0.025	0.	-7.4054e-06
42	0.025	0.025	0.025	-7.4348e-06
43	0.025	0.025	0.05	-7.4669e-06
44	0.025	0.025	0.075	-7.3758e-06
45	0.025	0.025	0.1	-7.4259e-06
46	0.025	0.05	0.	-7.4456e-06
47	0.025	0.05	0.025	-7.4694e-06
48	0.025	0.05	0.05	-7.4910e-06
49	0.025	0.05	0.075	-7.4298e-06
50	0.025	0.05	0.1	-7.4962e-06
51	0.05	-0.05	0.	-2.9554e-05
52	0.05	-0.05	0.025	-2.9596e-05
53	0.05	-0.05	0.05	-2.9374e-05
54	0.05	-0.05	0.075	-2.9554e-05
55	0.05	-0.05	0.1	-2.9606e-05
56	0.05	-0.025	0.	-2.9419e-05
57	0.05	-0.025	0.025	-2.9193e-05
58	0.05	-0.025	0.05	-2.9518e-05
59	0.05	-0.025	0.075	-2.9475e-05
60	0.05	-0.025	0.1	-2.9659e-05
61	0.05	0.	0.	-2.9436e-05
62	0.05	0.	0.025	-2.9417e-05
63	0.05	0.	0.05	-2.9362e-05
64	0.05	0.	0.075	-2.9426e-05
65	0.05	0.	0.1	-2.9815e-05
66	0.05	0.025	0.	-2.9313e-05
67	0.05	0.025	0.025	-2.9342e-05
68	0.05	0.025	0.05	-2.9494e-05
69	0.05	0.025	0.075	-2.9733e-05
70	0.05	0.025	0.1	-2.9588e-05
71	0.05	0.05	0.	-2.9683e-05
72	0.05	0.05	0.025	-2.9455e-05
73	0.05	0.05	0.05	-2.9336e-05
74	0.05	0.05	0.075	-2.9447e-05
75	0.05	0.05	0.1	-2.9485e-05
76	0.075	-0.05	0.	-6.5815e-05
77	0.075	-0.05	0.025	-6.5756e-05
78	0.075	-0.05	0.05	-6.5968e-05
79	0.075	-0.05	0.075	-6.5625e-05
80	0.075	-0.05	0.1	-6.5568e-05
81	0.075	-0.025	0.	-6.5495e-05
82	0.075	-0.025	0.025	-6.5866e-05
83	0.075	-0.025	0.05	-6.5840e-05
84	0.075	-0.025	0.075	-6.6100e-05
85	0.075	-0.025	0.1	-6.6220e-05
86	0.075	0.	0.	-6.5495e-05
87	0.075	0.	0.025	-6.5819e-05
88	0.075	0.	0.05	-6.5758e-05
89	0.075	0.	0.075	-6.5408e-05
90	0.075	0.	0.1	-6.5673e-05
91	0.075	0.025	0.	-6.6225e-05
92	0.075	0.025	0.025	-6.5646e-05
93	0.075	0.025	0.05	-6.5602e-05
94	0.075	0.025	0.075	-6.5799e-05
95	0.075	0.025	0.1	-6.6053e-05
96	0.075	0.05	0.	-6.5732e-05
97	0.075	0.05	0.025	-6.5846e-05
98	0.075	0.05	0.05	-6.5211e-05
99	0.075	0.05	0.075	-6.5963e-05
100	0.075	0.05	0.1	-6.5871e-05
101	0.1	-0.05	0.	-1.1641e-04
102	0.1	-0.05	0.025	-1.1513e-04
103	0.1	-0.05	0.05	-1.1586e-04
104	0.1	-0.05	0.075	-1.1645e-04
105	0.1	-0.05	0.1	-1.1574e-04
106	0.1	-0.025	0.	-1.1602e-04
107	0.1	-0.025	0.025	-1.1581e-04
108	0.1	-0.025	0.05	-1.1582e-04
109	0.1	-0.025	0.075	-1.1654e-04
110	0.1	-0.025	0.1	-1.1534e-04
111	0.1	0.	0.	-1.1598e-04
112	0.1	0.	0.025	-1.1612e-04
113	0.1	0.	0.05	-1.1644e-04
114	0.1	0.	0.075	-1.1594e-04
115	0.1	0.	0.1	-1.1645e-04
116	0.1	0.025	0.	-1.1597e-04
117	0.1	0.025	0.025	-1.1606e-04
118	0.1	0.025	0.05	-1.1604e-04
119	0.1	0.025	0.075	-1.1630e-04
120	0.1	0.025	0.1	-1.1625e-04
121	0.1	0.05	0.	-1.1548e-04
122	0.1	0.05	0.025	-1.1610e-04
123	0.1	0.05	0.05	-1.1625e-04
124	0.1	0.05	0.075	-1.1668e-04
125	0.1	0.05	0.1	-1.1553e-04
126	0.125	-0.05	0.	-1.8007e-04
127	0.125	-0.05	0.025	-1.7944e-04
128	0.125	-0.05	0.05	-1.7983e-04
129	0.125	-0.05	0.075	-1.7892e-04
130	0.125	-0.05	0.1	-1.7968e-04
131	0.125	-0.025	0.	-1.7992e-04
132	0.125	-0.025	0.025	-1.7899e-04
133	0.125	-0.025	0.05	-1.8073e-04
134	0.125	-0.025	0.075	-1.7858e-04
135	0.125	-0.025	0.1	-1.8007e-04
136	0.125	0.	0.	-1.7794e-04
137	0.125	0.	0.025	-1.7950e-04
138	0.125	0.	0.05	-1.8003e-04
139	0.125	0.	0.075	-1.8020e-04
140	0.125	0.	0.1	-1.7961e-04
141	0.125	0.025	0.	-1.7951e-04
142	0.125	0.025	0.025	-1.8010e-04
143	0.125	0.025	0.05	-1.8037e-04
144	0.125	0.025	0.075	-1.8068e-04
145	0.125	0.025	0.1	-1.7876e-04
146	0.125	0.05	0.	-1.7954e-04
147	0.125	0.05	0.025	-1.7811e-04
148	0.125	0.05	0.05	-1.7870e-04
149	0.125	0.05	0.075	-1.7918e-04
150	0.125	0.05	0.1	-1.8031e-04
151	0.15	-0.05	0.	-2.5601e-04
152	0.15	-0.05	0.025	-2.5620e-04
153	0.15	-0.05	0.05	-2.5681e-04
154	0.15	-0.05	0.075	-2.5581e-04
155	0.15	-0.05	0.1	-2.5445e-04
156	0.15	-0.025	0.	-2.5573e-04
157	0.15	-0.025	0.025	-2.5638e-04
158	0.15	-0.025	0.05	-2.5698e-04
159	0.15	-0.025	0.075	-2.5629e-04
160	0.15	-0.025	0.1	-2.5696e-04
161	0.15	0.	0.	-2.5745e-04
162	0.15	0.	0.025	-2.5765e-04
163	0.15	0.	0.05	-2.5668e-04
164	0.15	0.	0.075	-2.5533e-04
165	0.15	0.	0.1	-2.5522e-04
166	0.15	0.025	0.	-2.5532e-04
167	0.15	0.025	0.025	-2.5540e-04
168	0.15	0.025	0.05	-2.5660e-04
169	0.15	0.025	0.075	-2.5844e-04
170	0.15	0.025	0.1	-2.5672e-04
171	0.15	0.05	0.	-2.5641e-04
172	0.15	0.05	0.025	-2.5749e-04
173	0.15	0.05	0.05	-2.5565e-04
174	0.15	0.05	0.075	-2.5757e-04
175	0.15	0.05	0.1	-2.5749e-04
176	0.175	-0.05	0.	-3.4614e-04
177	0.175	-0.05	0.025	-3.4896e-04
178	0.175	-0.05	0.05	-3.4761e-04
179	0.175	-0.05	0.075	-3.4613e-04
180	0.175	-0.05	0.1	-3.4586e-04
181	0.175	-0.025	0.	-3.4546e-04
182	0.175	-0.025	0.025	-3.4588e-04
183	0.175	-0.025	0.05	-3.4592e-04
184	0.175	-0.025	0.075	-3.4562e-04
185	0.175	-0.025	0.1	-3.4577e-04
186	0.175	0.	0.	-3.4441e-04
187	0.175	0.	0.025	-3.4528e-04
188	0.175	0.	0.05	-3.4385e-04
189	0.175	0.	0.075	-3.4664e-04
190	0.175	0.	0.1	-3.4617e-04
191	0.175	0.025	0.	-3.4589e-04
192	0.175	0.025	0.025	-3.4729e-04
193	0.175	0.025	0.05	-3.4487e-04
194	0.175	0.025	0.075	-3.4508e-04
195	0.175	0.025	0.1	-3.4401e-04
196	0.175	0.05	0.	-3.4748e-04
197	0.175	0.05	0.025	-3.4690e-04
198	0.175	0.05	0.05	-3.4790e-04
199	0.175	0.05	0.075	-3.4825e-04
200	0.175	0.05	0.1	-3.4548e-04
201	0.2	-0.05	0.	-4.4673e-04
202	0.2	-0.05	0.025	-4.4478e-04
203	0.2	-0.05	0.05	-4.4603e-04
204	0.2	-0.05	0.075	-4.4742e-04
205	0.2	-0.05	0.1	-4.4431e-04
206	0.2	-0.025	0.	-4.4607e-04
207	0.2	-0.025	0.025	-4.4785e-04
208	0.2	-0.025	0.05	-4.4960e-04
209	0.2	-0.025	0.075	-4.4671e-04
210	0.2	-0.025	0.1	-4.4823e-04
211	0.2	0.	0.	-4.5134e-04
212	0.2	0.	0.025	-4.4476e-04
213	0.2	0.	0.05	-4.4995e-04
214	0.2	0.	0.075	-4.4868e-04
215	0.2	0.	0.1	-4.5027e-04
216	0.2	0.025	0.	-4.4973e-04
217	0.2	0.025	0.025	-4.4681e-04
218	0.2	0.025	0.05	-4.4800e-04
219	0.2	0.025	0.075	-4.4538e-04
220	0.2	0.025	0.1	-4.4706e-04
221	0.2	0.05	0.	-4.4805e-04
222	0.2	0.05	0.025	-4.4854e-04
223	0.2	0.05	0.05	-4.4941e-04
224	0.2	0.05	0.075	-4.5084e-04
225	0.2	0.05	0.1	-4.4722e-04
226	0.225	-0.05	0.	-5.6451e-04
227	0.225	-0.05	0.025	-5.6254e-04
228	0.225	-0.05	0.05	-5.5900e-04
229	0.225	-0.05	0.075	-5.6160e-04
230	0.225	-0.05	0.1	-5.6220e-04
231	0.225	-0.025	0.	-5.6006e-04
232	0.225	-0.025	0.025	-5.5960e-04
233	0.225	-0.025	0.05	-5.5952e-04
234	0.225	-0.025	0.075	-5.6072e-04
235	0.225	-0.025	0.1	-5.5999e-04
236	0.225	0.	0.	-5.6470e-04
237	0.225	0.	0.025	-5.5643e-04
238	0.225	0.	0.05	-5.6219e-04
239	0.225	0.	0.075	-5.6313e-04
240	0.225	0.	0.1	-5.5977e-04
241	0.225	0.025	0.	-5.6142e-04
242	0.225	0.025	0.025	-5.6117e-04
243	0.225	0.025	0.05	-5.6176e-04
244	0.225	0.025	0.075	-5.6343e-04
245	0.225	0.025	0.1	-5.6323e-04
246	0.225	0.05	0.	-5.6059e-04
247	0.225	0.05	0.025	-5.5856e-04
248	0.225	0.05	0.05	-5.6231e-04
249	0.225	0.05	0.075	-5.6046e-04
250	0.225	0.05	0.1	-5.6075e-04
251	0.25	-0.05	0.	-6.8811e-04
252	0.25	-0.05	0.025	-6.8630e-04
253	0.25	-0.05	0.05	-6.8834e-04
254	0.25	-0.05	0.075	-6.9441e-04
255	0.25	-0.05	0.1	-6.8939e-04
256	0.25	-0.025	0.	-6.9120e-04
257	0.25	-0.025	0.025	-6.8890e-04
258	0.25	-0.025	0.05	-6.8771e-04
259	0.25	-0.025	0.075	-6.8895e-04
260	0.25	-0.025	0.1	-6.8881e-04
261	0.25	0.	0.	-6.8987e-04
262	0.25	0.	0.025	-6.8766e-04
263	0.25	0.	0.05	-6.8390e-04
264	0.25	0.	0.075	-6.8346e-04
265	0.25	0.	0.1	-6.8877e-04
266	0.25	0.025	0.	-6.8440e-04
267	0.25	0.025	0.025	-6.8939e-04
268	0.25	0.025	0.05	-6.9118e-04
269	0.25	0.025	0.075	-6.8689e-04
270	0.25	0.025	0.1	-6.9083e-04
271	0.25	0.05	0.	-6.8821e-04
272	0.25	0.05	0.025	-6.8757e-04
273	0.25	0.05	0.05	-6.8770e-04
274	0.25	0.05	0.075	-6.8522e-04
275	0.25	0.05	0.1	-6.8486e-04
276	0.275	-0.05	0.	-8.1889e-04
277	0.275	-0.05	0.025	-8.2190e-04
278	0.275	-0.05	0.05	-8.3137e-04
279	0.275	-0.05	0.075	-8.1939e-04
280	0.275	-0.05	0.1	-8.2043e-04
281	0.275	-0.025	0.	-8.2166e-04
282	0.275	-0.025	0.025	-8.2181e-04
283	0.275	-0.025	0.05	-8.2520e-04
284	0.275	-0.025	0.075	-8.2230e-04
285	0.275	-0.025	0.1	-8.2366e-04
286	0.275	0.	0.	-8.2151e-04
287	0.275	0.	0.025	-8.2275e-04
288	0.275	0.	0.05	-8.2412e-04
289	0.275	0.	0.075	-8.2387e-04
290	0.275	0.	0.1	-8.3084e-04
291	0.275	0.025	0.	-8.2422e-04
292	0.275	0.025	0.025	-8.2362e-04
293	0.275	0.025	0.05	-8.1608e-04
294	0.275	0.025	0.075	-8.2510e-04
295	0.275	0.025	0.1	-8.1780e-04
296	0.275	0.05	0.	-8.2613e-04
297	0.275	0.05	0.025	-8.2478e-04
298	0.275	0.05	0.05	-8.2694e-04
299	0.275	0.05	0.075	-8.2222e-04
300	0.275	0.05	0.1	-8.2440e-04
301	0.3	-0.05	0.	-9.7463e-04
302	0.3	-0.05	0.025	-9.6839e-04
303	0.3	-0.05	0.05	-9.7437e-04
304	0.3	-0.05	0.075	-9.7419e-04
305	0.3	-0.05	0.1	-9.7148e-04
306	0.3	-0.025	0.	-9.7814e-04
307	0.3	-0.025	0.025	-9.7400e-04
308	0.3	-0.025	0.05	-9.6549e-04
309	0.3	-0.025	0.075	-9.7584e-04
310	0.3	-0.025	0.1	-9.6944e-04
311	0.3	0.	0.	-9.7510e-04
312	0.3	0.	0.025	-9.7315e-04
313	0.3	0.	0.05	-9.6173e-04
314	0.3	0.	0.075	-9.7435e-04
315	0.3	0.	0.1	-9.7114e-04
316	0.3	0.025	0.	-9.7021e-04
317	0.3	0.025	0.025	-9.7036e-04
318	0.3	0.025	0.05	-9.7507e-04
319	0.3	0.025	0.075	-9.6842e-04
320	0.3	0.025	0.1	-9.7633e-04
321	0.3	0.05	0.	-9.6609e-04
322	0.3	0.05	0.025	-9.7315e-04
323	0.3	0.05	0.05	-9.7500e-04
324	0.3	0.05	0.075	-9.7491e-04
325	0.3	0.05	0.1	-9.7272e-04
326	0.325	-0.05	0.	-1.1293e-03
327	0.325	-0.05	0.025	-1.1277e-03
328	0.325	-0.05	0.05	-1.1247e-03
329	0.325	-0.05	0.075	-1.1271e-03
330	0.325	-0.05	0.1	-1.1258e-03
331	0.325	-0.025	0.	-1.1251e-03
332	0.325	-0.025	0.025	-1.1383e-03
333	0.325	-0.025	0.05	-1.1224e-03
334	0.325	-0.025	0.075	-1.1353e-03
335	0.325	-0.025	0.1	-1.1246e-03
336	0.325	0.	0.	-1.1256e-03
337	0.325	0.	0.025	-1.1255e-03
338	0.325	0.	0.05	-1.1252e-03
339	0.325	0.	0.075	-1.1344e-03
340	0.325	0.	0.1	-1.1328e-03
341	0.325	0.025	0.	-1.1291e-03
342	0.325	0.025	0.025	-1.1424e-03
343	0.325	0.025	0.05	-1.1301e-03
344	0.325	0.025	0.075	-1.1305e-03
345	0.325	0.025	0.1	-1.1271e-03
346	0.325	0.05	0.	-1.1265e-03
347	0.325	0.05	0.025	-1.1278e-03
348	0.325	0.05	0.05	-1.1340e-03
349	0.325	0.05	0.075	-1.1328e-03
350	0.325	0.05	0.1	-1.1360e-03
351	0.35	-0.05	0.	-1.2948e-03
352	0.35	-0.05	0.025	-1.3016e-03
353	0.35	-0.05	0.05	-1.3001e-03
354	0.35	-0.05	0.075	-1.3008e-03
355	0.35	-0.05	0.1	-1.2940e-03
356	0.35	-0.025	0.	-1.2931e-03
357	0.35	-0.025	0.025	-1.3013e-03
358	0.35	-0.025	0.05	-1.3030e-03
359	0.35	-0.025	0.075	-1.2953e-03
360	0.35	-0.025	0.1	-1.3017e-03
361	0.35	0.	0.	-1.3047e-03
362	0.35	0.	0.025	-1.2966e-03
363	0.35	0.	0.05	-1.2910e-03
364	0.35	0.	0.075	-1.2917e-03
365	0.35	0.	0.1	-1.2950e-03
366	0.35	0.025	0.	-1.2962e-03
367	0.35	0.025	0.025	-1.2983e-03
368	0.35	0.025	0.05	-1.2984e-03
369	0.35	0.025	0.075	-1.2971e-03
370	0.35	0.025	0.1	-1.3020e-03
371	0.35	0.05	0.	-1.2945e-03
372	0.35	0.05	0.025	-1.3051e-03
373	0.35	0.05	0.05	-1.3034e-03
374	0.35	0.05	0.075	-1.3030e-03
375	0.35	0.05	0.1	-1.2951e-03
376	0.375	-0.05	0.	-1.4759e-03
377	0.375	-0.05	0.025	-1.4808e-03
378	0.375	-0.05	0.05	-1.4754e-03
379	0.375	-0.05	0.075	-1.4724e-03
380	0.375	-0.05	0.1	-1.4722e-03
381	0.375	-0.025	0.	-1.4725e-03
382	0.375	-0.025	0.025	-1.4697e-03
383	0.375	-0.025	0.05	-1.4935e-03
384	0.375	-0.025	0.075	-1.4650e-03
385	0.375	-0.025	0.1	-1.4708e-03
386	0.375	0.	0.	-1.4801e-03
387	0.375	0.	0.025	-1.4725e-03
388	0.375	0.	0.05	-1.4745e-03
389	0.375	0.	0.075	-1.4789e-03
390	0.375	0.	0.1	-1.4827e-03
391	0.375	0.025	0.	-1.4749e-03
392	0.375	0.025	0.025	-1.4820e-03
393	0.375	0.025	0.05	-1.4665e-03
394	0.375	0.025	0.075	-1.4730e-03
395	0.375	0.025	0.1	-1.4795e-03
396	0.375	0.05	0.	-1.4882e-03
397	0.375	0.05	0.025	-1.4709e-03
398	0.375	0.05	0.05	-1.4698e-03
399	0.375	0.05	0.075	-1.4786e-03
400	0.375	0.05	0.1	-1.4769e-03
401	0.4	-0.05	0.	-1.6592e-03
402	0.4	-0.05	0.025	-1.6559e-03
403	0.4	-0.05	0.05	-1.6606e-03
404	0.4	-0.05	0.075	-1.6675e-03
405	0.4	-0.05	0.1	-1.6618e-03
406	0.4	-0.025	0.	-1.6718e-03
407	0.4	-0.025	0.025	-1.6631e-03
408	0.4	-0.025	0.05	-1.6680e-03
409	0.4	-0.025	0.075	-1.6659e-03
410	0.4	-0.025	0.1	-1.6613e-03
411	0.4	0.	0.	-1.6695e-03
412	0.4	0.	0.025	-1.6559e-03
413	0.4	0.	0.05	-1.6603e-03
414	0.4	0.	0.075	-1.6612e-03
415	0.4	0.	0.1	-1.6665e-03
416	0.4	0.025	0.	-1.6682e-03
417	0.4	0.025	0.025	-1.6586e-03
418	0.4	0.025	0.05	-1.6576e-03
419	0.4	0.025	0.075	-1.6645e-03
420	0.4	0.025	0.1	-1.6538e-03
421	0.4	0.05	0.	-1.6707e-03
422	0.4	0.05	0.025	-1.6625e-03
423	0.4	0.05	0.05	-1.6562e-03
424	0.4	0.05	0.075	-1.6561e-03
425	0.4	0.05	0.1	-1.6661e-03
426	0.425	-0.05	0.	-1.8626e-03
427	0.425	-0.05	0.025	-1.8547e-03
428	0.425	-0.05	0.05	-1.8596e-03
429	0.425	-0.05	0.075	-1.8520e-03
430	0.425	-0.05	0.1	-1.8585e-03
431	0.425	-0.025	0.	-1.8714e-03
432	0.425	-0.025	0.025	-1.8763e-03
433	0.425	-0.025	0.05	-1.8589e-03
434	0.425	-0.025	0.075	-1.8637e-03
435	0.425	-0.025	0.1	-1.8634e-03
436	0.425	0.	0.	-1.8476e-03
437	0.425	0.	0.025	-1.8519e-03
438	0.425	0.	0.05	-1.8432e-03
439	0.425	0.	0.075	-1.8638e-03
440	0.425	0.	0.1	-1.8749e-03
441	0.425	0.025	0.	-1.8684e-03
442	0.425	0.025	0.025	-1.8608e-03
443	0.425	0.025	0.05	-1.8597e-03
444	0.425	0.025	0.075	-1.8578e-03
445	0.425	0.025	0.1	-1.8683e-03
446	0.425	0.05	0.	-1.8620e-03
447	0.425	0.05	0.025	-1.8609e-03
448	0.425	0.05	0.05	-1.8522e-03
449	0.425	0.05	0.075	-1.8649e-03
450	0.425	0.05	0.1	-1.8593e-03
451	0.45	-0.05	0.	-2.0688e-03
452	0.45	-0.05	0.025	-2.0738e-03
453	0.45	-0.05	0.05	-2.0520e-03
454	0.45	-0.05	0.075	-2.0631e-03
455	0.45	-0.05	0.1	-2.0619e-03
456	0.45	-0.025	0.	-2.0611e-03
457	0.45	-0.025	0.025	-2.0563e-03
458	0.45	-0.025	0.05	-2.0595e-03
459	0.45	-0.025	0.075	-2.0564e-03
460	0.45	-0.025	0.1	-2.0723e-03
461	0.45	0.	0.	-2.0686e-03
462	0.45	0.	0.025	-2.0680e-03
463	0.45	0.	0.05	-2.0496e-03
464	0.45	0.	0.075	-2.0816e-03
465	0.45	0.	0.1	-2.0621e-03
466	0.45	0.025	0.	-2.0799e-03
467	0.45	0.025	0.025	-2.0717e-03
468	0.45	0.025	0.05	-2.0636e-03
469	0.45	0.025	0.075	-2.0824e-03
470	0.45	0.025	0.1	-2.0702e-03
471	0.45	0.05	0.	-2.0636e-03
472	0.45	0.05	0.025	-2.0623e-03
473	0.45	0.05	0.05	-2.0740e-03
474	0.45	0.05	0.075	-2.0611e-03
475	0.45	0.05	0.1	-2.0624e-03
476	0.475	-0.05	0.	-2.2734e-03
477	0.475	-0.05	0.025	-2.2719e-03
478	0.475	-0.05	0.05	-2.2725e-03
479	0.475	-0.05	0.075	-2.2950e-03
480	0.475	-0.05	0.1	-2.2880e-03
481	0.475	-0.025	0.	-2.2810e-03
482	0.475	-0.025	0.025	-2.2738e-03
483	0.475	-0.025	0.05	-2.2738e-03
484	0.475	-0.025	0.075	-2.2755e-03
485	0.475	-0.025	0.1	-2.2951e-03
486	0.475	0.	0.	-2.2815e-03
487	0.475	0.	0.025	-2.2856e-03
488	0.475	0.	0.05	-2.2806e-03
489	0.475	0.	0.075	-2.2707e-03
490	0.475	0.	0.1	-2.2797e-03
491	0.475	0.025	0.	-2.2690e-03
492	0.475	0.025	0.025	-2.2897e-03
493	0.475	0.025	0.05	-2.2720e-03
494	0.475	0.025	0.075	-2.2736e-03
495	0.475	0.025	0.1	-2.2862e-03
496	0.475	0.05	0.	-2.2724e-03
497	0.475	0.05	0.025	-2.2768e-03
498	0.475	0.05	0.05	-2.2548e-03
499	0.475	0.05	0.075	-2.2759e-03
500	0.475	0.05	0.1	-2.2842e-03
501	0.5	-0.05	0.	-2.4937e-03
502	0.5	-0.05	0.025	-2.5056e-03
503	0.5	-0.05	0.05	-2.4998e-03
504	0.5	-0.05	0.075	-2.5109e-03
505	0.5	-0.05	0.1	-2.4927e-03
506	0.5	-0.025	0.	-2.4976e-03
507	0.5	-0.025	0.025	-2.4853e-03
508	0.5	-0.025	0.05	-2.4991e-03
509	0.5	-0.025	0.075	-2.4958e-03
510	0.5	-0.025	0.1	-2.5096e-03
511	0.5	0.	0.	-2.4938e-03
512	0.5	0.	0.025	-2.4958e-03
513	0.5	0.	0.05	-2.4932e-03
514	0.5	0.	0.075	-2.5003e-03
515	0.5	0.	0.1	-2.5199e-03
516	0.5	0.025	0.	-2.4650e-03
517	0.5	0.025	0.025	-2.4995e-03
518	0.5	0.025	0.05	-2.5117e-03
519	0.5	0.025	0.075	-2.4949e-03
520	0.5	0.025	0.1	-2.5053e-03
521	0.5	0.05	0.	-2.5118e-03
522	0.5	0.05	0.025	-2.4972e-03
523	0.5	0.05	0.05	-2.4935e-03
524	0.5	0.05	0.075	-2.5094e-03
525	0.5	0.05	0.1	-2.5050e-03
526	0.525	-0.05	0.	-2.7280e-03
527	0.525	-0.05	0.025	-2.7354e-03
528	0.525	-0.05	0.05	-2.7392e-03
529	0.525	-0.05	0.075	-2.7281e-03
530	0.525	-0.05	0.1	-2.7320e-03
531	0.525	-0.025	0.	-2.7344e-03
532	0.525	-0.025	0.025	-2.7236e-03
533	0.525	-0.025	0.05	-2.7417e-03
534	0.525	-0.025	0.075	-2.7174e-03
535	0.525	-0.025	0.1	-2.7273e-03
536	0.525	0.	0.	-2.7371e-03
537	0.525	0.	0.025	-2.7172e-03
538	0.525	0.	0.05	-2.7382e-03
539	0.525	0.	0.075	-2.7308e-03
540	0.525	0.	0.1	-2.7432e-03
541	0.525	0.025	0.	-2.7354e-03
542	0.525	0.025	0.025	-2.7269e-03
543	0.525	0.025	0.05	-2.7312e-03
544	0.525	0.025	0.075	-2.7316e-03
545	0.525	0.025	0.1	-2.7508e-03
546	0.525	0.05	0.	-2.7296e-03
547	0.525	0.05	0.025	-2.7272e-03
548	0.525	0.05	0.05	-2.7266e-03
549	0.525	0.05	0.075	-2.7307e-03
550	0.525	0.05	0.1	-2.7163e-03
551	0.55	-0.05	0.	-2.9600e-03
552	0.55	-0.05	0.025	-2.9525e-03
553	0.55	-0.05	0.05	-2.9540e-03
554	0.55	-0.05	0.075	-2.9740e-03
555	0.55	-0.05	0.1	-2.9648e-03
556	0.55	-0.025	0.	-2.9557e-03
557	0.55	-0.025	0.025	-2.9627e-03
558	0.55	-0.025	0.05	-2.9616e-03
559	0.55	-0.025	0.075	-2.9651e-03
560	0.55	-0.025	0.1	-2.9466e-03
561	0.55	0.	0.	-2.9516e-03
562	0.55	0.	0.025	-2.9474e-03
563	0.55	0.	0.05	-2.9538e-03
564	0.55	0.	0.075	-2.9559e-03
565	0.55	0.	0.1	-2.9522e-03
566	0.55	0.025	0.	-2.9736e-03
567	0.55	0.025	0.025	-2.9863e-03
568	0.55	0.025	0.05	-2.9743e-03
569	0.55	0.025	0.075	-2.9578e-03
570	0.55	0.025	0.1	-2.9670e-03
571	0.55	0.05	0.	-2.9637e-03
572	0.55	0.05	0.025	-2.9573e-03
573	0.55	0.05	0.05	-2.9802e-03
574	0.55	0.05	0.075	-2.9883e-03
575	0.55	0.05	0.1	-2.9471e-03
576	0.575	-0.05	0.	-3.2255e-03
577	0.575	-0.05	0.025	-3.1995e-03
578	0.575	-0.05	0.05	-3.2037e-03
579	0.575	-0.05	0.075	-3.2107e-03
580	0.575	-0.05	0.1	-3.2269e-03
581	0.575	-0.025	0.	-3.2107e-03
582	0.575	-0.025	0.025	-3.2124e-03
583	0.575	-0.025	0.05	-3.2180e-03
584	0.575	-0.025	0.075	-3.2200e-03
585	0.575	-0.025	0.1	-3.2136e-03
586	0.575	0.	0.	-3.2201e-03
587	0.575	0.	0.025	-3.1994e-03
588	0.575	0.	0.05	-3.1848e-03
589	0.575	0.	0.075	-3.2305e-03
590	0.575	0.	0.1	-3.1938e-03
591	0.575	0.025	0.	-3.2002e-03
592	0.575	0.025	0.025	-3.2028e-03
593	0.575	0.025	0.05	-3.2006e-03
594	0.575	0.025	0.075	-3.1977e-03
595	0.575	0.025	0.1	-3.2130e-03
596	0.575	0.05	0.	-3.2131e-03
597	0.575	0.05	0.025	-3.2150e-03
598	0.575	0.05	0.05	-3.2142e-03
599	0.575	0.05	0.075	-3.2017e-03
600	0.575	0.05	0.1	-3.2017e-03
601	0.6	-0.05	0.	-3.4715e-03
602	0.6	-0.05	0.025	-3.4488e-03
603	0.6	-0.05	0.05	-3.4485e-03
604	0.6	-0.05	0.075	-3.4688e-03
605	0.6	-0.05	0.1	-3.4557e-03
606	0.6	-0.025	0.	-3.4490e-03
607	0.6	-0.025	0.025	-3.4491e-03
608	0.6	-0.025	0.05	-3.4715e-03
609	0.6	-0.025	0.075	-3.4641e-03
610	0.6	-0.025	0.1	-3.4593e-03
611	0.6	0.	0.	-3.4399e-03
612	0.6	0.	0.025	-3.4593e-03
613	0.6	0.	0.05	-3.4531e-03
614	0.6	0.	0.075	-3.4434e-03
615	0.6	0.	0.1	-3.4477e-03
616	0.6	0.025	0.	-3.4656e-03
617	0.6	0.025	0.025	-3.4732e-03
618	0.6	0.025	0.05	-3.4414e-03
619	0.6	0.025	0.075	-3.4431e-03
620	0.6	0.025	0.1	-3.4656e-03
621	0.6	0.05	0.	-3.4503e-03
622	0.6	0.05	0.025	-3.4636e-03
623	0.6	0.05	0.05	-3.4502e-03
624	0.6	0.05	0.075	-3.4640e-03
625	0.6	0.05	0.1	-3.4370e-03
626	0.625	-0.05	0.	-3.7191e-03
627	0.625	-0.05	0.025	-3.6798e-03
628	0.625	-0.05	0.05	-3.7247e-03
629	0.625	-0.05	0.075	-3.7104e-03
630	0.625	-0.05	0.1	-3.7175e-03
631	0.625	-0.025	0.	-3.7145e-03
632	0.625	-0.025	0.025	-3.6856e-03
633	0.625	-0.025	0.05	-3.7312e-03
634	0.625	-0.025	0.075	-3.7159e-03
635	0.625	-0.025	0.1	-3.7222e-03
636	0.625	0.	0.	-3.6991e-03
637	0.625	0.	0.025	-3.7145e-03
638	0.625	0.	0.05	-3.6915e-03
639	0.625	0.	0.075	-3.7132e-03
640	0.625	0.	0.1	-3.6970e-03
641	0.625	0.025	0.	-3.7853e-03
642	0.625	0.025	0.025	-3.7199e-03
643	0.625	0.025	0.05	-3.7307e-03
644	0.625	0.025	0.075	-3.7072e-03
645	0.625	0.025	0.1	-3.7169e-03
646	0.625	0.05	0.	-3.7244e-03
647	0.625	0.05	0.025	-3.6950e-03
648	0.625	0.05	0.05	-3.7010e-03
649	0.625	0.05	0.075	-3.7254e-03
650	0.625	0.05	0.1	-3.7077e-03
651	0.65	-0.05	0.	-3.9596e-03
652	0.65	-0.05	0.025	-3.9615e-03
653	0.65	-0.05	0.05	-3.9521e-03
654	0.65	-0.05	0.075	-3.9404e-03
655	0.65	-0.05	0.1	-3.9446e-03
656	0.65	-0.025	0.	-3.9722e-03
657	0.65	-0.025	0.025	-3.9822e-03
658	0.65	-0.025	0.05	-4.0115e-03
659	0.65	-0.025	0.075	-3.9708e-03
660	0.65	-0.025	0.1	-3.9512e-03
661	0.65	0.	0.	-3.9710e-03
662	0.65	0.	0.025	-3.9827e-03
663	0.65	0.	0.05	-3.9879e-03
664	0.65	0.	0.075	-3.9863e-03
665	0.65	0.	0.1	-3.9806e-03
666	0.65	0.025	0.	-3.9730e-03
667	0.65	0.025	0.025	-3.9832e-03
668	0.65	0.025	0.05	-3.9527e-03
669	0.65	0.025	0.075	-3.9396e-03
670	0.65	0.025	0.1	-4.0048e-03
671	0.65	0.05	0.	-3.9708e-03
672	0.65	0.05	0.025	-3.9800e-03
673	0.65	0.05	0.05	-3.9270e-03
674	0.65	0.05	0.075	-3.9960e-03
675	0.65	0.05	0.1	-3.9899e-03
676	0.675	-0.05	0.	-4.2108e-03
677	0.675	-0.05	0.025	-4.2319e-03
678	0.675	-0.05	0.05	-4.2418e-03
679	0.675	-0.05	0.075	-4.2159e-03
680	0.675	-0.05	0.1	-4.2456e-03
681	0.675	-0.025	0.	-4.2550e-03
682	0.675	-0.025	0.025	-4.2428e-03
683	0.675	-0.025	0.05	-4.2108e-03
684	0.675	-0.025	0.075	-4.2197e-03
685	0.675	-0.025	0.1	-4.2352e-03
686	0.675	0.	0.	-4.2331e-03
687	0.675	0.	0.025	-4.2334e-03
688	0.675	0.	0.05	-4.2328e-03
689	0.675	0.	0.075	-4.2067e-03
690	0.675	0.	0.1	-4.2510e-03
691	0.675	0.025	0.	-4.2479e-03
692	0.675	0.025	0.025	-4.2462e-03
693	0.675	0.025	0.05	-4.2446e-03
694	0.675	0.025	0.075	-4.2325e-03
695	0.675	0.025	0.1	-4.2270e-03
696	0.675	0.05	0.	-4.2201e-03
697	0.675	0.05	0.025	-4.2635e-03
698	0.675	0.05	0.05	-4.2370e-03
699	0.675	0.05	0.075	-4.2092e-03
700	0.675	0.05	0.1	-4.2368e-03
701	0.7	-0.05	0.	-4.4704e-03
702	0.7	-0.05	0.025	-4.5125e-03
703	0.7	-0.05	0.05	-4.5106e-03
704	0.7	-0.05	0.075	-4.4982e-03
705	0.7	-0.05	0.1	-4.4911e-03
706	0.7	-0.025	0.	-4.5181e-03
707	0.7	-0.025	0.025	-4.5065e-03
708	0.7	-0.025	0.05	-4.4730e-03
709	0.7	-0.025	0.075	-4.5297e-03
710	0.7	-0.025	0.1	-4.4911e-03
711	0.7	0.	0.	-4.4842e-03
712	0.7	0.	0.025	-4.5325e-03
713	0.7	0.	0.05	-4.5271e-03
714	0.7	0.	0.075	-4.5004e-03
715	0.7	0.	0.1	-4.4854e-03
716	0.7	0.025	0.	-4.4916e-03
717	0.7	0.025	0.025	-4.5001e-03
718	0.7	0.025	0.05	-4.5299e-03
719	0.7	0.025	0.075	-4.5314e-03
720	0.7	0.025	0.1	-4.5110e-03
721	0.7	0.05	0.	-4.5197e-03
722	0.7	0.05	0.025	-4.5042e-03
723	0.7	0.05	0.05	-4.4923e-03
724	0.7	0.05	0.075	-4.4809e-03
725	0.7	0.05	0.1	-4.5138e-03
726	0.725	-0.05	0.	-4.8004e-03
727	0.725	-0.05	0.025	-4.7734e-03
728	0.725	-0.05	0.05	-4.8059e-03
729	0.725	-0.05	0.075	-4.7758e-03
730	0.725	-0.05	0.1	-4.7848e-03
731	0.725	-0.025	0.	-4.7790e-03
732	0.725	-0.025	0.025	-4.8068e-03
733	0.725	-0.025	0.05	-4.7926e-03
734	0.725	-0.025	0.075	-4.7821e-03
735	0.725	-0.025	0.1	-4.7847e-03
736	0.725	0.	0.	-4.7604e-03
737	0.725	0.	0.025	-4.7405e-03
738	0.725	0.	0.05	-4.7730e-03
739	0.725	0.	0.075	-4.7795e-03
740	0.725	0.	0.1	-4.7934e-03
741	0.725	0.025	0.	-4.7801e-03
742	0.725	0.025	0.025	-4.7742e-03
743	0.725	0.025	0.05	-4.7268e-03
744	0.725	0.025	0.075	-4.7933e-03
745	0.725	0.025	0.1	-4.7872e-03
746	0.725	0.05	0.	-4.7988e-03
747	0.725	0.05	0.025	-4.7837e-03
748	0.725	0.05	0.05	-4.8051e-03
749	0.725	0.05	0.075	-4.7727e-03
750	0.725	0.05	0.1	-4.7824e-03
751	0.75	-0.05	0.	-5.0674e-03
752	0.75	-0.05	0.025	-5.0759e-03
753	0.75	-0.05	0.05	-5.0709e-03
754	0.75	-0.05	0.075	-5.0722e-03
755	0.75	-0.05	0.1	-5.0679e-03
756	0.75	-0.025	0.	-5.0586e-03
757	0.75	-0.025	0.025	-5.0808e-03
758	0.75	-0.025	0.05	-5.0286e-03
759	0.75	-0.025	0.075	-5.0498e-03
760	0.75	-0.025	0.1	-5.0947e-03
761	0.75	0.	0.	-5.0489e-03
762	0.75	0.	0.025	-5.0609e-03
763	0.75	0.	0.05	-5.0906e-03
764	0.75	0.	0.075	-5.0599e-03
765	0.75	0.	0.1	-5.0456e-03
766	0.75	0.025	0.	-5.0868e-03
767	0.75	0.025	0.025	-5.0566e-03
768	0.75	0.025	0.05	-5.0580e-03
769	0.75	0.025	0.075	-5.0224e-03
770	0.75	0.025	0.1	-5.0599e-03
771	0.75	0.05	0.	-5.0763e-03
772	0.75	0.05	0.025	-5.0538e-03
773	0.75	0.05	0.05	-5.0366e-03
774	0.75	0.05	0.075	-5.0528e-03
775	0.75	0.05	0.1	-5.0500e-03
776	0.775	-0.05	0.	-5.3401e-03
777	0.775	-0.05	0.025	-5.3345e-03
778	0.775	-0.05	0.05	-5.3812e-03
779	0.775	-0.05	0.075	-5.3520e-03
780	0.775	-0.05	0.1	-5.3084e-03
781	0.775	-0.025	0.	-5.3471e-03
782	0.775	-0.025	0.025	-5.3447e-03
783	0.775	-0.025	0.05	-5.3711e-03
784	0.775	-0.025	0.075	-5.3422e-03
785	0.775	-0.025	0.1	-5.3416e-03
786	0.775	0.	0.	-5.3854e-03
787	0.775	0.	0.025	-5.3227e-03
788	0.775	0.	0.05	-5.3626e-03
789	0.775	0.	0.075	-5.3469e-03
790	0.775	0.	0.1	-5.3349e-03
791	0.775	0.025	0.	-5.3317e-03
792	0.775	0.025	0.025	-5.3746e-03
793	0.775	0.025	0.05	-5.3555e-03
794	0.775	0.025	0.075	-5.3584e-03
795	0.775	0.025	0.1	-5.3646e-03
796	0.775	0.05	0.	-5.3529e-03
797	0.775	0.05	0.025	-5.3229e-03
798	0.775	0.05	0.05	-5.3120e-03
799	0.775	0.05	0.075	-5.3785e-03
800	0.775	0.05	0.1	-5.3500e-03
801	0.8	-0.05	0.	-5.6338e-03
802	0.8	-0.05	0.025	-5.6727e-03
803	0.8	-0.05	0.05	-5.6080e-03
804	0.8	-0.05	0.075	-5.5752e-03
805	0.8	-0.05	0.1	-5.5912e-03
806	0.8	-0.025	0.	-5.6200e-03
807	0.8	-0.025	0.025	-5.6346e-03
808	0.8	-0.025	0.05	-5.6634e-03
809	0.8	-0.025	0.075	-5.6510e-03
810	0.8	-0.025	0.1	-5.5743e-03
811	0.8	0.	0.	-5.6951e-03
812	0.8	0.	0.025	-5.6228e-03
813	0.8	0.	0.05	-5.6597e-03
814	0.8	0.	0.075	-5.6443e-03
815	0.8	0.	0.1	-5.6321e-03
816	0.8	0.025	0.	-5.6267e-03
817	0.8	0.025	0.025	-5.6069e-03
818	0.8	0.025	0.05	-5.6030e-03
819	0.8	0.025	0.075	-5.6283e-03
820	0.8	0.025	0.1	-5.6007e-03
821	0.8	0.05	0.	-5.6691e-03
822	0.8	0.05	0.025	-5.6342e-03
823	0.8	0.05	0.05	-5.6791e-03
824	0.8	0.05	0.075	-5.6222e-03
825	0.8	0.05	0.1	-5.6187e-03
826	0.825	-0.05	0.	-5.9354e-03
827	0.825	-0.05	0.025	-5.9153e-03
828	0.825	-0.05	0.05	-5.9445e-03
829	0.825	-0.05	0.075	-5.9555e-03
830	0.825	-0.05	0.1	-5.9475e-03
831	0.825	-0.025	0.	-5.9538e-03
832	0.825	-0.025	0.025	-5.9408e-03
833	0.825	-0.025	0.05	-5.9084e-03
834	0.825	-0.025	0.075	-5.9484e-03
835	0.825	-0.025	0.1	-5.9380e-03
836	0.825	0.	0.	-5.9068e-03
837	0.825	0.	0.025	-5.9098e-03
838	0.825	0.	0.05	-5.9193e-03
839	0.825	0.	0.075	-5.9478e-03
840	0.825	0.	0.1	-5.9242e-03
841	0.825	0.025	0.	-5.9213e-03
842	0.825	0.025	0.025	-5.9177e-03
843	0.825	0.025	0.05	-5.9131e-03
844	0.825	0.025	0.075	-5.8939e-03
845	0.825	0.025	0.1	-5.9403e-03
846	0.825	0.05	0.	-5.8973e-03
847	0.825	0.05	0.025	-5.9230e-03
848	0.825	0.05	0.05	-5.9118e-03
849	0.825	0.05	0.075	-5.9396e-03
850	0.825	0.05	0.1	-5.9133e-03
851	0.85	-0.05	0.	-6.1885e-03
852	0.85	-0.05	0.025	-6.2381e-03
853	0.85	-0.05	0.05	-6.1930e-03
854	0.85	-0.05	0.075	-6.2173e-03
855	0.85	-0.05	0.1	-6.2452e-03
856	0.85	-0.025	0.	-6.1954e-03
857	0.85	-0.025	0.025	-6.2109e-03
858	0.85	-0.025	0.05	-6.2028e-03
859	0.85	-0.025	0.075	-6.2168e-03
860	0.85	-0.025	0.1	-6.2118e-03
861	0.85	0.	0.	-6.2364e-03
862	0.85	0.	0.025	-6.1981e-03
863	0.85	0.	0.05	-6.2452e-03
864	0.85	0.	0.075	-6.2534e-03
865	0.85	0.	0.1	-6.2199e-03
866	0.85	0.025	0.	-6.1939e-03
867	0.85	0.025	0.025	-6.2125e-03
868	0.85	0.025	0.05	-6.2104e-03
869	0.85	0.025	0.075	-6.2576e-03
870	0.85	0.025	0.1	-6.2109e-03
871	0.85	0.05	0.	-6.2479e-03
872	0.85	0.05	0.025	-6.2163e-03
873	0.85	0.05	0.05	-6.2146e-03
874	0.85	0.05	0.075	-6.2047e-03
875	0.85	0.05	0.1	-6.2070e-03
876	0.875	-0.05	0.	-6.5310e-03
877	0.875	-0.05	0.025	-6.4888e-03
878	0.875	-0.05	0.05	-6.5328e-03
879	0.875	-0.05	0.075	-6.5453e-03
880	0.875	-0.05	0.1	-6.4924e-03
881	0.875	-0.025	0.	-6.5393e-03
882	0.875	-0.025	0.025	-6.5351e-03
883	0.875	-0.025	0.05	-6.5304e-03
884	0.875	-0.025	0.075	-6.4913e-03
885	0.875	-0.025	0.1	-6.5047e-03
886	0.875	0.	0.	-6.5047e-03
887	0.875	0.	0.025	-6.5622e-03
888	0.875	0.	0.05	-6.5076e-03
889	0.875	0.	0.075	-6.5030e-03
890	0.875	0.	0.1	-6.4779e-03
891	0.875	0.025	0.	-6.4825e-03
892	0.875	0.025	0.025	-6.4900e-03
893	0.875	0.025	0.05	-6.5172e-03
894	0.875	0.025	0.075	-6.4707e-03
895	0.875	0.025	0.1	-6.4905e-03
896	0.875	0.05	0.	-6.4594e-03
897	0.875	0.05	0.025	-6.5443e-03
898	0.875	0.05	0.05	-6.5106e-03
899	0.875	0.05	0.075	-6.5159e-03
900	0.875	0.05	0.1	-6.4794e-03
901	0.9	-0.05	0.	-6.8356e-03
902	0.9	-0.05	0.025	-6.8449e-03
903	0.9	-0.05	0.05	-6.8058e-03
904	0.9	-0.05	0.075	-6.7910e-03
905	0.9	-0.05	0.1	-6.8190e-03
906	0.9	-0.025	0.	-6.8240e-03
907	0.9	-0.025	0.025	-6.8277e-03
908	0.9	-0.025	0.05	-6.8221e-03
909	0.9	-0.025	0.075	-6.8302e-03
910	0.9	-0.025	0.1	-6.7851e-03
911	0.9	0.	0.	-6.8288e-03
912	0.9	0.	0.025	-6.7916e-03
913	0.9	0.	0.05	-6.7357e-03
914	0.9	0.	0.075	-6.7914e-03
915	0.9	0.	0.1	-6.7889e-03
916	0.9	0.025	0.	-6.8106e-03
917	0.9	0.025	0.025	-6.8268e-03
918	0.9	0.025	0.05	-6.8092e-03
919	0.9	0.025	0.075	-6.8587e-03
920	0.9	0.025	0.1	-6.7897e-03
921	0.9	0.05	0.	-6.7499e-03
922	0.9	0.05	0.025	-6.8116e-03
923	0.9	0.05	0.05	-6.7892e-03
924	0.9	0.05	0.075	-6.7745e-03
925	0.9	0.05	0.1	-6.7959e-03
926	0.925	-0.05	0.	-7.0794e-03
927	0.925	-0.05	0.025	-7.0822e-03
928	0.925	-0.05	0.05	-7.1449e-03
929	0.925	-0.05	0.075	-7.1052e-03
930	0.925	-0.05	0.1	-7.0941e-03
931	0.925	-0.025	0.	-7.1471e-03
932	0.925	-0.025	0.025	-7.0933e-03
933	0.925	-0.025	0.05	-7.0667e-03
934	0.925	-0.025	0.075	-7.0640e-03
935	0.925	-0.025	0.1	-7.0994e-03
936	0.925	0.	0.	-7.0550e-03
937	0.925	0.	0.025	-7.0684e-03
938	0.925	0.	0.05	-7.0909e-03
939	0.925	0.	0.075	-7.1338e-03
940	0.925	0.	0.1	-7.1384e-03
941	0.925	0.025	0.	-7.1204e-03
942	0.925	0.025	0.025	-7.1016e-03
943	0.925	0.025	0.05	-7.0855e-03
944	0.925	0.025	0.075	-7.1127e-03
945	0.925	0.025	0.1	-7.1523e-03
946	0.925	0.05	0.	-7.1057e-03
947	0.925	0.05	0.025	-7.0886e-03
948	0.925	0.05	0.05	-7.0972e-03
949	0.925	0.05	0.075	-7.0941e-03
950	0.925	0.05	0.1	-7.1173e-03
951	0.95	-0.05	0.	-7.3779e-03
952	0.95	-0.05	0.025	-7.4125e-03
953	0.95	-0.05	0.05	-7.4173e-03
954	0.95	-0.05	0.075	-7.4107e-03
955	0.95	-0.05	0.1	-7.3683e-03
956	0.95	-0.025	0.	-7.3961e-03
957	0.95	-0.025	0.025	-7.3849e-03
958	0.95	-0.025	0.05	-7.3983e-03
959	0.95	-0.025	0.075	-7.3808e-03
960	0.95	-0.025	0.1	-7.4373e-03
961	0.95	0.	0.	-7.4060e-03
962	0.95	0.	0.025	-7.3526e-03
963	0.95	0.	0.05	-7.3611e-03
964	0.95	0.	0.075	-7.4362e-03
965	0.95	0.	0.1	-7.3952e-03
966	0.95	0.025	0.	-7.3890e-03
967	0.95	0.025	0.025	-7.4339e-03
968	0.95	0.025	0.05	-7.3960e-03
969	0.95	0.025	0.075	-7.3651e-03
970	0.95	0.025	0.1	-7.3671e-03
971	0.95	0.05	0.	-7.4191e-03
972	0.95	0.05	0.025	-7.4606e-03
973	0.95	0.05	0.05	-7.4254e-03
974	0.95	0.05	0.075	-7.3892e-03
975	0.95	0.05	0.1	-7.3938e-03
976	0.975	-0.05	0.	-7.7016e-03
977	0.975	-0.05	0.025	-7.6378e-03
978	0.975	-0.05	0.05	-7.7008e-03
979	0.975	-0.05	0.075	-7.7181e-03
980	0.975	-0.05	0.1	-7.7547e-03
981	0.975	-0.025	0.	-7.7337e-03
982	0.975	-0.025	0.025	-7.7595e-03
983	0.975	-0.025	0.05	-7.7518e-03
984	0.975	-0.025	0.075	-7.7430e-03
985	0.975	-0.025	0.1	-7.7009e-03
986	0.975	0.	0.	-7.7107e-03
987	0.975	0.	0.025	-7.6486e-03
988	0.975	0.	0.05	-7.7041e-03
989	0.975	0.	0.075	-7.7175e-03
990	0.975	0.	0.1	-7.6913e-03
991	0.975	0.025	0.	-7.6526e-03
992	0.975	0.025	0.025	-7.7488e-03
993	0.975	0.025	0.05	-7.7126e-03
994	0.975	0.025	0.075	-7.7531e-03
995	0.975	0.025	0.1	-7.7229e-03
996	0.975	0.05	0.	-7.7422e-03
997	0.975	0.05	0.025	-7.7359e-03
998	0.975	0.05	0.05	-7.6791e-03
999	0.975	0.05	0.075	-7.6844e-03
1000	0.975	0.05	0.1	-7.6869e-03
1001	1	-0.05	0.	-7.9691e-03
1002	1	-0.05	0.025	-8.0565e-03
1003	1	-0.05	0.05	-8.0014e-03
1004	1	-0.05	0.075	-8.0147e-03
1005	1	-0.05	0.1	-7.9574e-03
1006	1	-0.025	0.	-8.0262e-03
1007	1	-0.025	0.025	-7.9869e-03
1008	1	-0.025	0.05	-8.0404e-03
1009	1	-0.025	0.075	-7.9781e-03
1010	1	-0.025	0.1	-8.0426e-03
1011	1	0.	0.	-8.0301e-03
1012	1	0.	0.025	-7.9851e-03
1013	1	0.	0.05	-8.0454e-03
1014	1	0.	0.075	-8.0368e-03
1015	1	0.	0.1	-8.0157e-03
1016	1	0.025	0.	-7.9682e-03
1017	1	0.025	0.025	-8.0256e-03
1018	1	0.025	0.05	-8.0021e-03
1019	1	0.025	0.075	-8.0016e-03
1020	1	0.025	0.1	-8.0024e-03
1021	1	0.05	0.	-7.9990e-03
1022	1	0.05	0.025	-7.9723e-03
1023	1	0.05	0.05	-7.9515e-03
1024	1	0.05	0.075	-7.9449e-03
1025	1	0.05	0.1	-8.0096e-03
