Node Number	X Location (m)	Y Location (m)	Z Location (m)	Directional Deformation (m)
1	0.	-0.05	0.	-0.0000e+00
2	0.	-0.05	0.025	-0.0000e+00
3	0.	-0.05	0.05	-0.0000e+00
4	0.	-0.05	0.075	-0.0000e+00
5	0.	-0.05	0.1	-0.0000e+00
6	0.	-0.025	0.	-0.0000e+00
7	0.	-0.025	0.025	-0.0000e+00
8	0.	-0.025	0.05	-0.0000e+00
9	0.	-0.025	0.075	-0.0000e+00
10	0.	-0.025	0.1	-0.0000e+00
11	0.	0.	0.	-0.0000e+00
12	0.	0.	0.025	-0.0000e+00
13	0.	0.	0.05	-0.0000e+00
14	0.	0.	0.075	-0.0000e+00
15	0.	0.	0.1	-0.0000e+00
16	0.	0.025	0.	-0.0000e+00
17	0.	0.025	0.025	-0.0000e+00
18	0.	0.025	0.05	-0.0000e+00
19	0.	0.025	0.075	-0.0000e+00
20	0.	0.025	0.1	-0.0000e+00
21	0.	0.05	0.	-0.0000e+00
22	0.	0.05	0.025	-0.0000e+00
23	0.	0.05	0.05	-0.0000e+00
24	0.	0.05	0.075	-0.0000e+00
25	0.	0.05	0.1	-0.0000e+00
26	0.025	-0.05	0.	-5.5633e-06
27	0.025	-0.05	0.025	-5.5729e-06
28	0.025	-0.05	0.05	-5.5657e-06
29	0.025	-0.05	0.075	-5.5578e-06
30	0.025	-0.05	0.1	-5.5572e-06
31	0.025	-0.025	0.	-5.6009e-06
32	0.025	-0.025	0.025	-5.5728e-06
33	0.025	-0.025	0.05	-5.5923e-06
34	0.025	-0.025	0.075	-5.5953e-06
35	0.025	-0.025	0.1	-5.5852e-06
36	0.025	0.	0.	-5.5960e-06
37	0.025	0.	0.025	-5.5784e-06
38	0.025	0.	0.05	-5.6086e-06
39	0.025	0.	0.075	-5.5965e-06
40	0.025	0.	0.1	-5.5995e-06
41	0.025	0.025	0.	-5.5572e-06
42	0.025	0.025	0.025	-5.5840e-06
43	0.025	0.025	0.05	-5.5372e-06
44	0.025	0.025	0.075	-5.6094e-06
45	0.025	0.025	0.1	-5.5642e-06
46	0.025	0.05	0.	-5.5673e-06
47	0.025	0.05	0.025	-5.5476e-06
48	0.025	0.05	0.05	-5.5773e-06
49	0.025	0.05	0.075	-5.5721e-06
50	0.025	0.05	0.1	-5.6188e-06
51	0.05	-0.05	0.	-2.2201e-05
52	0.05	-0.05	0.025	-2.2079e-05
53	0.05	-0.05	0.05	-2.1978e-05
54	0.05	-0.05	0.075	-2.1923e-05
55	0.05	-0.05	0.1	-2.2034e-05
56	0.05	-0.025	0.	-2.2007e-05
57	0.05	-0.025	0.025	-2.2156e-05
58	0.05	-0.025	0.05	-2.2112e-05
59	0.05	-0.025	0.075	-2.2127e-05
60	0.05	-0.025	0.1	-2.2041e-05
61	0.05	0.	0.	-2.2138e-05
62	0.05	0.	0.025	-2.1999e-05
63	0.05	0.	0.05	-2.2117e-05
64	0.05	0.	0.075	-2.2198e-05
65	0.05	0.	0.1	-2.2093e-05
66	0.05	0.025	0.	-2.2164e-05
67	0.05	0.025	0.025	-2.1950e-05
68	0.05	0.025	0.05	-2.1943e-05
69	0.05	0.025	0.075	-2.2154e-05
70	0.05	0.025	0.1	-2.2218e-05
71	0.05	0.05	0.	-2.2104e-05
72	0.05	0.05	0.025	-2.2315e-05
73	0.05	0.05	0.05	-2.1997e-05
74	0.05	0.05	0.075	-2.2065e-05
75	0.05	0.05	0.1	-2.2137e-05
76	0.075	-0.05	0.	-4.9451e-05
77	0.075	-0.05	0.025	-4.9244e-05
78	0.075	-0.05	0.05	-4.9150e-05
79	0.075	-0.05	0.075	-4.9482e-05
80	0.075	-0.05	0.1	-4.9386e-05
81	0.075	-0.025	0.	-4.9291e-05
82	0.075	-0.025	0.025	-4.9458e-05
83	0.075	-0.025	0.05	-4.9332e-05
84	0.075	-0.025	0.075	-4.9332e-05
85	0.075	-0.025	0.1	-4.9325e-05
86	0.075	0.	0.	-4.9197e-05
87	0.075	0.	0.025	-4.9177e-05
88	0.075	0.	0.05	-4.9256e-05
89	0.075	0.	0.075	-4.9366e-05
90	0.075	0.	0.1	-4.8990e-05
91	0.075	0.025	0.	-4.9546e-05
92	0.075	0.025	0.025	-4.9363e-05
93	0.075	0.025	0.05	-4.9149e-05
94	0.075	0.025	0.075	-4.9679e-05
95	0.075	0.025	0.1	-4.9368e-05
96	0.075	0.05	0.	-4.9096e-05
97	0.075	0.05	0.025	-4.9670e-05
98	0.075	0.05	0.05	-4.9627e-05
99	0.075	0.05	0.075	-4.9180e-05
100	0.075	0.05	0.1	-4.9296e-05
101	0.1	-0.05	0.	-8.6841e-05
102	0.1	-0.05	0.025	-8.6342e-05
103	0.1	-0.05	0.05	-8.7113e-05
104	0.1	-0.05	0.075	-8.7294e-05
105	0.1	-0.05	0.1	-8.7229e-05
106	0.1	-0.025	0.	-8.7011e-05
107	0.1	-0.025	0.025	-8.7328e-05
108	0.1	-0.025	0.05	-8.6605e-05
109	0.1	-0.025	0.075	-8.7633e-05
110	0.1	-0.025	0.1	-8.6731e-05
111	0.1	0.	0.	-8.6770e-05
112	0.1	0.	0.025	-8.6800e-05
113	0.1	0.	0.05	-8.6774e-05
114	0.1	0.	0.075	-8.6933e-05
115	0.1	0.	0.1	-8.6919e-05
116	0.1	0.025	0.	-8.7045e-05
117	0.1	0.025	0.025	-8.6715e-05
118	0.1	0.025	0.05	-8.7058e-05
119	0.1	0.025	0.075	-8.6621e-05
120	0.1	0.025	0.1	-8.7255e-05
121	0.1	0.05	0.	-8.7251e-05
122	0.1	0.05	0.025	-8.6998e-05
123	0.1	0.05	0.05	-8.6774e-05
124	0.1	0.05	0.075	-8.7108e-05
125	0.1	0.05	0.1	-8.6691e-05
126	0.125	-0.05	0.	-1.3478e-04
127	0.125	-0.05	0.025	-1.3468e-04
128	0.125	-0.05	0.05	-1.3618e-04
129	0.125	-0.05	0.075	-1.3410e-04
130	0.125	-0.05	0.1	-1.3333e-04
131	0.125	-0.025	0.	-1.3442e-04
132	0.125	-0.025	0.025	-1.3384e-04
133	0.125	-0.025	0.05	-1.3437e-04
134	0.125	-0.025	0.075	-1.3407e-04
135	0.125	-0.025	0.1	-1.3428e-04
136	0.125	0.	0.	-1.3419e-04
137	0.125	0.	0.025	-1.3528e-04
138	0.125	0.	0.05	-1.3474e-04
139	0.125	0.	0.075	-1.3535e-04
140	0.125	0.	0.1	-1.3479e-04
141	0.125	0.025	0.	-1.3527e-04
142	0.125	0.025	0.025	-1.3460e-04
143	0.125	0.025	0.05	-1.3563e-04
144	0.125	0.025	0.075	-1.3502e-04
145	0.125	0.025	0.1	-1.3435e-04
146	0.125	0.05	0.	-1.3510e-04
147	0.125	0.05	0.025	-1.3478e-04
148	0.125	0.05	0.05	-1.3466e-04
149	0.125	0.05	0.075	-1.3482e-04
150	0.125	0.05	0.1	-1.3517e-04
151	0.15	-0.05	0.	-1.9075e-04
152	0.15	-0.05	0.025	-1.9210e-04
153	0.15	-0.05	0.05	-1.9290e-04
154	0.15	-0.05	0.075	-1.9257e-04
155	0.15	-0.05	0.1	-1.9151e-04
156	0.15	-0.025	0.	-1.9055e-04
157	0.15	-0.025	0.025	-1.9368e-04
158	0.15	-0.025	0.05	-1.9223e-04
159	0.15	-0.025	0.075	-1.9354e-04
160	0.15	-0.025	0.1	-1.9299e-04
161	0.15	0.	0.	-1.9176e-04
162	0.15	0.	0.025	-1.9045e-04
163	0.15	0.	0.05	-1.9202e-04
164	0.15	0.	0.075	-1.9235e-04
165	0.15	0.	0.1	-1.9272e-04
166	0.15	0.025	0.	-1.9152e-04
167	0.15	0.025	0.025	-1.9251e-04
168	0.15	0.025	0.05	-1.9251e-04
169	0.15	0.025	0.075	-1.9313e-04
170	0.15	0.025	0.1	-1.9214e-04
171	0.15	0.05	0.	-1.9272e-04
172	0.15	0.05	0.025	-1.9260e-04
173	0.15	0.05	0.05	-1.9305e-04
174	0.15	0.05	0.075	-1.9174e-04
175	0.15	0.05	0.1	-1.9001e-04
176	0.175	-0.05	0.	-2.5930e-04
177	0.175	-0.05	0.025	-2.5931e-04
178	0.175	-0.05	0.05	-2.5835e-04
179	0.175	-0.05	0.075	-2.5798e-04
180	0.175	-0.05	0.1	-2.5895e-04
181	0.175	-0.025	0.	-2.5943e-04
182	0.175	-0.025	0.025	-2.5965e-04
183	0.175	-0.025	0.05	-2.5717e-04
184	0.175	-0.025	0.075	-2.5773e-04
185	0.175	-0.025	0.1	-2.6072e-04
186	0.175	0.	0.	-2.5935e-04
187	0.175	0.	0.025	-2.5954e-04
188	0.175	0.	0.05	-2.5816e-04
189	0.175	0.	0.075	-2.5954e-04
190	0.175	0.	0.1	-2.5916e-04
191	0.175	0.025	0.	-2.5890e-04
192	0.175	0.025	0.025	-2.5803e-04
193	0.175	0.025	0.05	-2.5865e-04
194	0.175	0.025	0.075	-2.6159e-04
195	0.175	0.025	0.1	-2.5918e-04
196	0.175	0.05	0.	-2.6037e-04
197	0.175	0.05	0.025	-2.5934e-04
198	0.175	0.05	0.05	-2.5922e-04
199	0.175	0.05	0.075	-2.5889e-04
200	0.175	0.05	0.1	-2.6094e-04
201	0.2	-0.05	0.	-3.3650e-04
202	0.2	-0.05	0.025	-3.3494e-04
203	0.2	-0.05	0.05	-3.3547e-04
204	0.2	-0.05	0.075	-3.3745e-04
205	0.2	-0.05	0.1	-3.3219e-04
206	0.2	-0.025	0.	-3.3642e-04
207	0.2	-0.025	0.025	-3.3672e-04
208	0.2	-0.025	0.05	-3.3499e-04
209	0.2	-0.025	0.075	-3.3621e-04
210	0.2	-0.025	0.1	-3.3668e-04
211	0.2	0.	0.	-3.3435e-04
212	0.2	0.	0.025	-3.3713e-04
213	0.2	0.	0.05	-3.3640e-04
214	0.2	0.	0.075	-3.3579e-04
215	0.2	0.	0.1	-3.3614e-04
216	0.2	0.025	0.	-3.3695e-04
217	0.2	0.025	0.025	-3.3911e-04
218	0.2	0.025	0.05	-3.3682e-04
219	0.2	0.025	0.075	-3.3709e-04
220	0.2	0.025	0.1	-3.3626e-04
221	0.2	0.05	0.	-3.3856e-04
222	0.2	0.05	0.025	-3.3403e-04
223	0.2	0.05	0.05	-3.3366e-04
224	0.2	0.05	0.075	-3.3621e-04
225	0.2	0.05	0.1	-3.3689e-04
226	0.225	-0.05	0.	-4.1711e-04
227	0.225	-0.05	0.025	-4.2145e-04
228	0.225	-0.05	0.05	-4.2115e-04
229	0.225	-0.05	0.075	-4.2271e-04
230	0.225	-0.05	0.1	-4.2218e-04
231	0.225	-0.025	0.	-4.1840e-04
232	0.225	-0.025	0.025	-4.1963e-04
233	0.225	-0.025	0.05	-4.2009e-04
234	0.225	-0.025	0.075	-4.2270e-04
235	0.225	-0.025	0.1	-4.2208e-04
236	0.225	0.	0.	-4.2041e-04
237	0.225	0.	0.025	-4.2170e-04
238	0.225	0.	0.05	-4.1967e-04
239	0.225	0.	0.075	-4.2491e-04
240	0.225	0.	0.1	-4.2242e-04
241	0.225	0.025	0.	-4.2278e-04
242	0.225	0.025	0.025	-4.2377e-04
243	0.225	0.025	0.05	-4.2317e-04
244	0.225	0.025	0.075	-4.2151e-04
245	0.225	0.025	0.1	-4.2114e-04
246	0.225	0.05	0.	-4.2362e-04
247	0.225	0.05	0.025	-4.2150e-04
248	0.225	0.05	0.05	-4.2019e-04
249	0.225	0.05	0.075	-4.2477e-04
250	0.225	0.05	0.1	-4.1988e-04
251	0.25	-0.05	0.	-5.1205e-04
252	0.25	-0.05	0.025	-5.1767e-04
253	0.25	-0.05	0.05	-5.1412e-04
254	0.25	-0.05	0.075	-5.1652e-04
255	0.25	-0.05	0.1	-5.1937e-04
256	0.25	-0.025	0.	-5.1279e-04
257	0.25	-0.025	0.025	-5.1554e-04
258	0.25	-0.025	0.05	-5.1868e-04
259	0.25	-0.025	0.075	-5.1703e-04
260	0.25	-0.025	0.1	-5.1525e-04
261	0.25	0.	0.	-5.2055e-04
262	0.25	0.	0.025	-5.1543e-04
263	0.25	0.	0.05	-5.1644e-04
264	0.25	0.	0.075	-5.1903e-04
265	0.25	0.	0.1	-5.1765e-04
266	0.25	0.025	0.	-5.1835e-04
267	0.25	0.025	0.025	-5.1377e-04
268	0.25	0.025	0.05	-5.1816e-04
269	0.25	0.025	0.075	-5.1597e-04
270	0.25	0.025	0.1	-5.1409e-04
271	0.25	0.05	0.	-5.1608e-04
272	0.25	0.05	0.025	-5.1602e-04
273	0.25	0.05	0.05	-5.1948e-04
274	0.25	0.05	0.075	-5.1641e-04
275	0.25	0.05	0.1	-5.1401e-04
276	0.275	-0.05	0.	-6.1573e-04
277	0.275	-0.05	0.025	-6.1812e-04
278	0.275	-0.05	0.05	-6.1490e-04
279	0.275	-0.05	0.075	-6.1647e-04
280	0.275	-0.05	0.1	-6.1763e-04
281	0.275	-0.025	0.	-6.1719e-04
282	0.275	-0.025	0.025	-6.2003e-04
283	0.275	-0.025	0.05	-6.1641e-04
284	0.275	-0.025	0.075	-6.1213e-04
285	0.275	-0.025	0.1	-6.1407e-04
286	0.275	0.	0.	-6.1819e-04
287	0.275	0.	0.025	-6.1678e-04
288	0.275	0.	0.05	-6.1518e-04
289	0.275	0.	0.075	-6.2308e-04
290	0.275	0.	0.1	-6.2028e-04
291	0.275	0.025	0.	-6.1809e-04
292	0.275	0.025	0.025	-6.1881e-04
293	0.275	0.025	0.05	-6.1758e-04
294	0.275	0.025	0.075	-6.1513e-04
295	0.275	0.025	0.1	-6.2078e-04
296	0.275	0.05	0.	-6.2034e-04
297	0.275	0.05	0.025	-6.1334e-04
298	0.275	0.05	0.05	-6.1879e-04
299	0.275	0.05	0.075	-6.1907e-04
300	0.275	0.05	0.1	-6.1744e-04
301	0.3	-0.05	0.	-7.3512e-04
302	0.3	-0.05	0.025	-7.3480e-04
303	0.3	-0.05	0.05	-7.2790e-04
304	0.3	-0.05	0.075	-7.2835e-04
305	0.3	-0.05	0.1	-7.2801e-04
306	0.3	-0.025	0.	-7.2722e-04
307	0.3	-0.025	0.025	-7.2632e-04
308	0.3	-0.025	0.05	-7.3048e-04
309	0.3	-0.025	0.075	-7.3472e-04
310	0.3	-0.025	0.1	-7.3352e-04
311	0.3	0.	0.	-7.3130e-04
312	0.3	0.	0.025	-7.2198e-04
313	0.3	0.	0.05	-7.2356e-04
314	0.3	0.	0.075	-7.3210e-04
315	0.3	0.	0.1	-7.3372e-04
316	0.3	0.025	0.	-7.3061e-04
317	0.3	0.025	0.025	-7.2811e-04
318	0.3	0.025	0.05	-7.3294e-04
319	0.3	0.025	0.075	-7.3120e-04
320	0.3	0.025	0.1	-7.3232e-04
321	0.3	0.05	0.	-7.2359e-04
322	0.3	0.05	0.025	-7.3000e-04
323	0.3	0.05	0.05	-7.3417e-04
324	0.3	0.05	0.075	-7.3054e-04
325	0.3	0.05	0.1	-7.3177e-04
326	0.325	-0.05	0.	-8.4776e-04
327	0.325	-0.05	0.025	-8.4800e-04
328	0.325	-0.05	0.05	-8.5240e-04
329	0.325	-0.05	0.075	-8.4537e-04
330	0.325	-0.05	0.1	-8.4504e-04
331	0.325	-0.025	0.	-8.4602e-04
332	0.325	-0.025	0.025	-8.4772e-04
333	0.325	-0.025	0.05	-8.4218e-04
334	0.325	-0.025	0.075	-8.5012e-04
335	0.325	-0.025	0.1	-8.4708e-04
336	0.325	0.	0.	-8.5054e-04
337	0.325	0.	0.025	-8.4046e-04
338	0.325	0.	0.05	-8.5055e-04
339	0.325	0.	0.075	-8.5217e-04
340	0.325	0.	0.1	-8.4913e-04
341	0.325	0.025	0.	-8.4774e-04
342	0.325	0.025	0.025	-8.5057e-04
343	0.325	0.025	0.05	-8.5195e-04
344	0.325	0.025	0.075	-8.4941e-04
345	0.325	0.025	0.1	-8.4967e-04
346	0.325	0.05	0.	-8.5326e-04
347	0.325	0.05	0.025	-8.5022e-04
348	0.325	0.05	0.05	-8.4493e-04
349	0.325	0.05	0.075	-8.5194e-04
350	0.325	0.05	0.1	-8.4722e-04
351	0.35	-0.05	0.	-9.7400e-04
352	0.35	-0.05	0.025	-9.7429e-04
353	0.35	-0.05	0.05	-9.7765e-04
354	0.35	-0.05	0.075	-9.8069e-04
355	0.35	-0.05	0.1	-9.7397e-04
356	0.35	-0.025	0.	-9.8062e-04
357	0.35	-0.025	0.025	-9.7452e-04
358	0.35	-0.025	0.05	-9.7934e-04
359	0.35	-0.025	0.075	-9.7465e-04
360	0.35	-0.025	0.1	-9.7196e-04
361	0.35	0.	0.	-9.8136e-04
362	0.35	0.	0.025	-9.7158e-04
363	0.35	0.	0.05	-9.7132e-04
364	0.35	0.	0.075	-9.6898e-04
365	0.35	0.	0.1	-9.7881e-04
366	0.35	0.025	0.	-9.7973e-04
367	0.35	0.025	0.025	-9.7533e-04
368	0.35	0.025	0.05	-9.7004e-04
369	0.35	0.025	0.075	-9.7385e-04
370	0.35	0.025	0.1	-9.7270e-04
371	0.35	0.05	0.	-9.6986e-04
372	0.35	0.05	0.025	-9.7197e-04
373	0.35	0.05	0.05	-9.7585e-04
374	0.35	0.05	0.075	-9.7152e-04
375	0.35	0.05	0.1	-9.7501e-04
376	0.375	-0.05	0.	-1.0996e-03
377	0.375	-0.05	0.025	-1.1149e-03
378	0.375	-0.05	0.05	-1.1057e-03
379	0.375	-0.05	0.075	-1.1113e-03
380	0.375	-0.05	0.1	-1.1083e-03
381	0.375	-0.025	0.	-1.1092e-03
382	0.375	-0.025	0.025	-1.1024e-03
383	0.375	-0.025	0.05	-1.1041e-03
384	0.375	-0.025	0.075	-1.1042e-03
385	0.375	-0.025	0.1	-1.1075e-03
386	0.375	0.	0.	-1.1133e-03
387	0.375	0.	0.025	-1.1093e-03
388	0.375	0.	0.05	-1.1034e-03
389	0.375	0.	0.075	-1.1078e-03
390	0.375	0.	0.1	-1.1071e-03
391	0.375	0.025	0.	-1.1059e-03
392	0.375	0.025	0.025	-1.1074e-03
393	0.375	0.025	0.05	-1.1108e-03
394	0.375	0.025	0.075	-1.1042e-03
395	0.375	0.025	0.1	-1.1059e-03
396	0.375	0.05	0.	-1.1118e-03
397	0.375	0.05	0.025	-1.1095e-03
398	0.375	0.05	0.05	-1.1131e-03
399	0.375	0.05	0.075	-1.1138e-03
400	0.375	0.05	0.1	-1.1014e-03
401	0.4	-0.05	0.	-1.2494e-03
402	0.4	-0.05	0.025	-1.2455e-03
403	0.4	-0.05	0.05	-1.2420e-03
404	0.4	-0.05	0.075	-1.2441e-03
405	0.4	-0.05	0.1	-1.2465e-03
406	0.4	-0.025	0.	-1.2465e-03
407	0.4	-0.025	0.025	-1.2450e-03
408	0.4	-0.025	0.05	-1.2479e-03
409	0.4	-0.025	0.075	-1.2602e-03
410	0.4	-0.025	0.1	-1.2394e-03
411	0.4	0.	0.	-1.2537e-03
412	0.4	0.	0.025	-1.2479e-03
413	0.4	0.	0.05	-1.2458e-03
414	0.4	0.	0.075	-1.2379e-03
415	0.4	0.	0.1	-1.2518e-03
416	0.4	0.025	0.	-1.2408e-03
417	0.4	0.025	0.025	-1.2521e-03
418	0.4	0.025	0.05	-1.2567e-03
419	0.4	0.025	0.075	-1.2416e-03
420	0.4	0.025	0.1	-1.2538e-03
421	0.4	0.05	0.	-1.2481e-03
422	0.4	0.05	0.025	-1.2375e-03
423	0.4	0.05	0.05	-1.2420e-03
424	0.4	0.05	0.075	-1.2489e-03
425	0.4	0.05	0.1	-1.2500e-03
426	0.425	-0.05	0.	-1.3865e-03
427	0.425	-0.05	0.025	-1.3955e-03
428	0.425	-0.05	0.05	-1.3999e-03
429	0.425	-0.05	0.075	-1.4009e-03
430	0.425	-0.05	0.1	-1.3930e-03
431	0.425	-0.025	0.	-1.3978e-03
432	0.425	-0.025	0.025	-1.4013e-03
433	0.425	-0.025	0.05	-1.4001e-03
434	0.425	-0.025	0.075	-1.4003e-03
435	0.425	-0.025	0.1	-1.3960e-03
436	0.425	0.	0.	-1.3948e-03
437	0.425	0.	0.025	-1.3968e-03
438	0.425	0.	0.05	-1.3911e-03
439	0.425	0.	0.075	-1.4015e-03
440	0.425	0.	0.1	-1.3868e-03
441	0.425	0.025	0.	-1.3925e-03
442	0.425	0.025	0.025	-1.3951e-03
443	0.425	0.025	0.05	-1.3979e-03
444	0.425	0.025	0.075	-1.3990e-03
445	0.425	0.025	0.1	-1.4036e-03
446	0.425	0.05	0.	-1.3958e-03
447	0.425	0.05	0.025	-1.3913e-03
448	0.425	0.05	0.05	-1.3945e-03
449	0.425	0.05	0.075	-1.3935e-03
450	0.425	0.05	0.1	-1.3982e-03
451	0.45	-0.05	0.	-1.5425e-03
452	0.45	-0.05	0.025	-1.5480e-03
453	0.45	-0.05	0.05	-1.5592e-03
454	0.45	-0.05	0.075	-1.5502e-03
455	0.45	-0.05	0.1	-1.5426e-03
456	0.45	-0.025	0.	-1.5470e-03
457	0.45	-0.025	0.025	-1.5353e-03
458	0.45	-0.025	0.05	-1.5488e-03
459	0.45	-0.025	0.075	-1.5593e-03
460	0.45	-0.025	0.1	-1.5418e-03
461	0.45	0.	0.	-1.5401e-03
462	0.45	0.	0.025	-1.5451e-03
463	0.45	0.	0.05	-1.5548e-03
464	0.45	0.	0.075	-1.5597e-03
465	0.45	0.	0.1	-1.5519e-03
466	0.45	0.025	0.	-1.5412e-03
467	0.45	0.025	0.025	-1.5490e-03
468	0.45	0.025	0.05	-1.5602e-03
469	0.45	0.025	0.075	-1.5472e-03
470	0.45	0.025	0.1	-1.5500e-03
471	0.45	0.05	0.	-1.5506e-03
472	0.45	0.05	0.025	-1.5395e-03
473	0.45	0.05	0.05	-1.5553e-03
474	0.45	0.05	0.075	-1.5544e-03
475	0.45	0.05	0.1	-1.5368e-03
476	0.475	-0.05	0.	-1.7000e-03
477	0.475	-0.05	0.025	-1.7025e-03
478	0.475	-0.05	0.05	-1.7142e-03
479	0.475	-0.05	0.075	-1.7040e-03
480	0.475	-0.05	0.1	-1.7119e-03
481	0.475	-0.025	0.	-1.7079e-03
482	0.475	-0.025	0.025	-1.7096e-03
483	0.475	-0.025	0.05	-1.7125e-03
484	0.475	-0.025	0.075	-1.7110e-03
485	0.475	-0.025	0.1	-1.7090e-03
486	0.475	0.	0.	-1.7113e-03
487	0.475	0.	0.025	-1.7106e-03
488	0.475	0.	0.05	-1.7077e-03
489	0.475	0.	0.075	-1.7062e-03
490	0.475	0.	0.1	-1.7220e-03
491	0.475	0.025	0.	-1.7061e-03
492	0.475	0.025	0.025	-1.7185e-03
493	0.475	0.025	0.05	-1.7044e-03
494	0.475	0.025	0.075	-1.7146e-03
495	0.475	0.025	0.1	-1.7213e-03
496	0.475	0.05	0.	-1.7068e-03
497	0.475	0.05	0.025	-1.7045e-03
498	0.475	0.05	0.05	-1.7062e-03
499	0.475	0.05	0.075	-1.7090e-03
500	0.475	0.05	0.1	-1.7113e-03
501	0.5	-0.05	0.	-1.8747e-03
502	0.5	-0.05	0.025	-1.8719e-03
503	0.5	-0.05	0.05	-1.8897e-03
504	0.5	-0.05	0.075	-1.8735e-03
505	0.5	-0.05	0.1	-1.8703e-03
506	0.5	-0.025	0.	-1.8812e-03
507	0.5	-0.025	0.025	-1.8813e-03
508	0.5	-0.025	0.05	-1.8856e-03
509	0.5	-0.025	0.075	-1.8895e-03
510	0.5	-0.025	0.1	-1.8776e-03
511	0.5	0.	0.	-1.8728e-03
512	0.5	0.	0.025	-1.8607e-03
513	0.5	0.	0.05	-1.8680e-03
514	0.5	0.	0.075	-1.8766e-03
515	0.5	0.	0.1	-1.8661e-03
516	0.5	0.025	0.	-1.8631e-03
517	0.5	0.025	0.025	-1.8755e-03
518	0.5	0.025	0.05	-1.8808e-03
519	0.5	0.025	0.075	-1.8732e-03
520	0.5	0.025	0.1	-1.8817e-03
521	0.5	0.05	0.	-1.8796e-03
522	0.5	0.05	0.025	-1.8836e-03
523	0.5	0.05	0.05	-1.8913e-03
524	0.5	0.05	0.075	-1.8946e-03
525	0.5	0.05	0.1	-1.8805e-03
526	0.525	-0.05	0.	-2.0428e-03
527	0.525	-0.05	0.025	-2.0470e-03
528	0.525	-0.05	0.05	-2.0594e-03
529	0.525	-0.05	0.075	-2.0392e-03
530	0.525	-0.05	0.1	-2.0584e-03
531	0.525	-0.025	0.	-2.0451e-03
532	0.525	-0.025	0.025	-2.0484e-03
533	0.525	-0.025	0.05	-2.0399e-03
534	0.525	-0.025	0.075	-2.0357e-03
535	0.525	-0.025	0.1	-2.0442e-03
536	0.525	0.	0.	-2.0572e-03
537	0.525	0.	0.025	-2.0408e-03
538	0.525	0.	0.05	-2.0597e-03
539	0.525	0.	0.075	-2.0418e-03
540	0.525	0.	0.1	-2.0378e-03
541	0.525	0.025	0.	-2.0486e-03
542	0.525	0.025	0.025	-2.0521e-03
543	0.525	0.025	0.05	-2.0481e-03
544	0.525	0.025	0.075	-2.0478e-03
545	0.525	0.025	0.1	-2.0596e-03
546	0.525	0.05	0.	-2.0473e-03
547	0.525	0.05	0.025	-2.0427e-03
548	0.525	0.05	0.05	-2.0372e-03
549	0.525	0.05	0.075	-2.0569e-03
550	0.525	0.05	0.1	-2.0430e-03
551	0.55	-0.05	0.	-2.2205e-03
552	0.55	-0.05	0.025	-2.2327e-03
553	0.55	-0.05	0.05	-2.2416e-03
554	0.55	-0.05	0.075	-2.2256e-03
555	0.55	-0.05	0.1	-2.2222e-03
556	0.55	-0.025	0.	-2.2233e-03
557	0.55	-0.025	0.025	-2.2193e-03
558	0.55	-0.025	0.05	-2.2202e-03
559	0.55	-0.025	0.075	-2.2203e-03
560	0.55	-0.025	0.1	-2.2315e-03
561	0.55	0.	0.	-2.2226e-03
562	0.55	0.	0.025	-2.2355e-03
563	0.55	0.	0.05	-2.2223e-03
564	0.55	0.	0.075	-2.2201e-03
565	0.55	0.	0.1	-2.2347e-03
566	0.55	0.025	0.	-2.2236e-03
567	0.55	0.025	0.025	-2.2223e-03
568	0.55	0.025	0.05	-2.2237e-03
569	0.55	0.025	0.075	-2.2364e-03
570	0.55	0.025	0.1	-2.2261e-03
571	0.55	0.05	0.	-2.2345e-03
572	0.55	0.05	0.025	-2.2213e-03
573	0.55	0.05	0.05	-2.2331e-03
574	0.55	0.05	0.075	-2.2255e-03
575	0.55	0.05	0.1	-2.2312e-03
576	0.575	-0.05	0.	-2.4146e-03
577	0.575	-0.05	0.025	-2.3962e-03
578	0.575	-0.05	0.05	-2.4060e-03
579	0.575	-0.05	0.075	-2.4145e-03
580	0.575	-0.05	0.1	-2.4160e-03
581	0.575	-0.025	0.	-2.4174e-03
582	0.575	-0.025	0.025	-2.4063e-03
583	0.575	-0.025	0.05	-2.4201e-03
584	0.575	-0.025	0.075	-2.3990e-03
585	0.575	-0.025	0.1	-2.3909e-03
586	0.575	0.	0.	-2.4026e-03
587	0.575	0.	0.025	-2.4168e-03
588	0.575	0.	0.05	-2.3948e-03
589	0.575	0.	0.075	-2.3912e-03
590	0.575	0.	0.1	-2.3887e-03
591	0.575	0.025	0.	-2.4124e-03
592	0.575	0.025	0.025	-2.3914e-03
593	0.575	0.025	0.05	-2.4106e-03
594	0.575	0.025	0.075	-2.4021e-03
595	0.575	0.025	0.1	-2.3979e-03
596	0.575	0.05	0.	-2.3957e-03
597	0.575	0.05	0.025	-2.4073e-03
598	0.575	0.05	0.05	-2.3980e-03
599	0.575	0.05	0.075	-2.4052e-03
600	0.575	0.05	0.1	-2.4092e-03
601	0.6	-0.05	0.	-2.5984e-03
602	0.6	-0.05	0.025	-2.6017e-03
603	0.6	-0.05	0.05	-2.5937e-03
604	0.6	-0.05	0.075	-2.5811e-03
605	0.6	-0.05	0.1	-2.5968e-03
606	0.6	-0.025	0.	-2.5988e-03
607	0.6	-0.025	0.025	-2.5901e-03
608	0.6	-0.025	0.05	-2.5890e-03
609	0.6	-0.025	0.075	-2.6177e-03
610	0.6	-0.025	0.1	-2.5786e-03
611	0.6	0.	0.	-2.5971e-03
612	0.6	0.	0.025	-2.6028e-03
613	0.6	0.	0.05	-2.5885e-03
614	0.6	0.	0.075	-2.5903e-03
615	0.6	0.	0.1	-2.5878e-03
616	0.6	0.025	0.	-2.5920e-03
617	0.6	0.025	0.025	-2.6013e-03
618	0.6	0.025	0.05	-2.5899e-03
619	0.6	0.025	0.075	-2.6243e-03
620	0.6	0.025	0.1	-2.5873e-03
621	0.6	0.05	0.	-2.6063e-03
622	0.6	0.05	0.025	-2.5976e-03
623	0.6	0.05	0.05	-2.5931e-03
624	0.6	0.05	0.075	-2.6072e-03
625	0.6	0.05	0.1	-2.5754e-03
626	0.625	-0.05	0.	-2.7879e-03
627	0.625	-0.05	0.025	-2.7752e-03
628	0.625	-0.05	0.05	-2.7783e-03
629	0.625	-0.05	0.075	-2.7778e-03
630	0.625	-0.05	0.1	-2.7725e-03
631	0.625	-0.025	0.	-2.7648e-03
632	0.625	-0.025	0.025	-2.7875e-03
633	0.625	-0.025	0.05	-2.7825e-03
634	0.625	-0.025	0.075	-2.7799e-03
635	0.625	-0.025	0.1	-2.7917e-03
636	0.625	0.	0.	-2.7882e-03
637	0.625	0.	0.025	-2.7802e-03
638	0.625	0.	0.05	-2.8172e-03
639	0.625	0.	0.075	-2.7945e-03
640	0.625	0.	0.1	-2.8104e-03
641	0.625	0.025	0.	-2.7786e-03
642	0.625	0.025	0.025	-2.7860e-03
643	0.625	0.025	0.05	-2.7694e-03
644	0.625	0.025	0.075	-2.7795e-03
645	0.625	0.025	0.1	-2.7767e-03
646	0.625	0.05	0.	-2.8166e-03
647	0.625	0.05	0.025	-2.7755e-03
648	0.625	0.05	0.05	-2.7806e-03
649	0.625	0.05	0.075	-2.7670e-03
650	0.625	0.05	0.1	-2.7891e-03
651	0.65	-0.05	0.	-2.9679e-03
652	0.65	-0.05	0.025	-2.9896e-03
653	0.65	-0.05	0.05	-2.9573e-03
654	0.65	-0.05	0.075	-2.9772e-03
655	0.65	-0.05	0.1	-2.9566e-03
656	0.65	-0.025	0.	-2.9728e-03
657	0.65	-0.025	0.025	-2.9752e-03
658	0.65	-0.025	0.05	-2.9715e-03
659	0.65	-0.025	0.075	-2.9727e-03
660	0.65	-0.025	0.1	-2.9902e-03
661	0.65	0.	0.	-3.0045e-03
662	0.65	0.	0.025	-2.9827e-03
663	0.65	0.	0.05	-2.9684e-03
664	0.65	0.	0.075	-2.9794e-03
665	0.65	0.	0.1	-2.9744e-03
666	0.65	0.025	0.	-2.9892e-03
667	0.65	0.025	0.025	-2.9821e-03
668	0.65	0.025	0.05	-2.9598e-03
669	0.65	0.025	0.075	-2.9917e-03
670	0.65	0.025	0.1	-2.9901e-03
671	0.65	0.05	0.	-2.9964e-03
672	0.65	0.05	0.025	-2.9725e-03
673	0.65	0.05	0.05	-2.9822e-03
674	0.65	0.05	0.075	-2.9645e-03
675	0.65	0.05	0.1	-2.9780e-03
676	0.675	-0.05	0.	-3.1830e-03
677	0.675	-0.05	0.025	-3.1699e-03
678	0.675	-0.05	0.05	-3.1823e-03
679	0.675	-0.05	0.075	-3.1801e-03
680	0.675	-0.05	0.1	-3.1723e-03
681	0.675	-0.025	0.	-3.1957e-03
682	0.675	-0.025	0.025	-3.1750e-03
683	0.675	-0.025	0.05	-3.1797e-03
684	0.675	-0.025	0.075	-3.1593e-03
685	0.675	-0.025	0.1	-3.1846e-03
686	0.675	0.	0.	-3.1719e-03
687	0.675	0.	0.025	-3.1902e-03
688	0.675	0.	0.05	-3.1613e-03
689	0.675	0.	0.075	-3.1835e-03
690	0.675	0.	0.1	-3.1502e-03
691	0.675	0.025	0.	-3.1858e-03
692	0.675	0.025	0.025	-3.1758e-03
693	0.675	0.025	0.05	-3.1831e-03
694	0.675	0.025	0.075	-3.1704e-03
695	0.675	0.025	0.1	-3.1659e-03
696	0.675	0.05	0.	-3.1725e-03
697	0.675	0.05	0.025	-3.1804e-03
698	0.675	0.05	0.05	-3.1853e-03
699	0.675	0.05	0.075	-3.1818e-03
700	0.675	0.05	0.1	-3.1661e-03
701	0.7	-0.05	0.	-3.4059e-03
702	0.7	-0.05	0.025	-3.3855e-03
703	0.7	-0.05	0.05	-3.3726e-03
704	0.7	-0.05	0.075	-3.3867e-03
705	0.7	-0.05	0.1	-3.3845e-03
706	0.7	-0.025	0.	-3.3786e-03
707	0.7	-0.025	0.025	-3.3770e-03
708	0.7	-0.025	0.05	-3.3943e-03
709	0.7	-0.025	0.075	-3.4044e-03
710	0.7	-0.025	0.1	-3.3535e-03
711	0.7	0.	0.	-3.3976e-03
712	0.7	0.	0.025	-3.3813e-03
713	0.7	0.	0.05	-3.3842e-03
714	0.7	0.	0.075	-3.3993e-03
715	0.7	0.	0.1	-3.3451e-03
716	0.7	0.025	0.	-3.3920e-03
717	0.7	0.025	0.025	-3.3983e-03
718	0.7	0.025	0.05	-3.3717e-03
719	0.7	0.025	0.075	-3.3621e-03
720	0.7	0.025	0.1	-3.4032e-03
721	0.7	0.05	0.	-3.3572e-03
722	0.7	0.05	0.025	-3.3867e-03
723	0.7	0.05	0.05	-3.3948e-03
724	0.7	0.05	0.075	-3.3864e-03
725	0.7	0.05	0.1	-3.3886e-03
726	0.725	-0.05	0.	-3.5836e-03
727	0.725	-0.05	0.025	-3.5940e-03
728	0.725	-0.05	0.05	-3.5772e-03
729	0.725	-0.05	0.075	-3.5791e-03
730	0.725	-0.05	0.1	-3.5879e-03
731	0.725	-0.025	0.	-3.5653e-03
732	0.725	-0.025	0.025	-3.5957e-03
733	0.725	-0.025	0.05	-3.5518e-03
734	0.725	-0.025	0.075	-3.5926e-03
735	0.725	-0.025	0.1	-3.5939e-03
736	0.725	0.	0.	-3.5760e-03
737	0.725	0.	0.025	-3.5697e-03
738	0.725	0.	0.05	-3.5815e-03
739	0.725	0.	0.075	-3.5966e-03
740	0.725	0.	0.1	-3.5924e-03
741	0.725	0.025	0.	-3.5714e-03
742	0.725	0.025	0.025	-3.5889e-03
743	0.725	0.025	0.05	-3.5911e-03
744	0.725	0.025	0.075	-3.5905e-03
745	0.725	0.025	0.1	-3.5732e-03
746	0.725	0.05	0.	-3.5896e-03
747	0.725	0.05	0.025	-3.6006e-03
748	0.725	0.05	0.05	-3.5951e-03
749	0.725	0.05	0.075	-3.5933e-03
750	0.725	0.05	0.1	-3.6110e-03
751	0.75	-0.05	0.	-3.7994e-03
752	0.75	-0.05	0.025	-3.7841e-03
753	0.75	-0.05	0.05	-3.7841e-03
754	0.75	-0.05	0.075	-3.7995e-03
755	0.75	-0.05	0.1	-3.7750e-03
756	0.75	-0.025	0.	-3.7922e-03
757	0.75	-0.025	0.025	-3.8039e-03
758	0.75	-0.025	0.05	-3.8147e-03
759	0.75	-0.025	0.075	-3.7734e-03
760	0.75	-0.025	0.1	-3.7984e-03
761	0.75	0.	0.	-3.7958e-03
762	0.75	0.	0.025	-3.7974e-03
763	0.75	0.	0.05	-3.7990e-03
764	0.75	0.	0.075	-3.7964e-03
765	0.75	0.	0.1	-3.8180e-03
766	0.75	0.025	0.	-3.8158e-03
767	0.75	0.025	0.025	-3.8294e-03
768	0.75	0.025	0.05	-3.7967e-03
769	0.75	0.025	0.075	-3.7906e-03
770	0.75	0.025	0.1	-3.7822e-03
771	0.75	0.05	0.	-3.7890e-03
772	0.75	0.05	0.025	-3.8077e-03
773	0.75	0.05	0.05	-3.8101e-03
774	0.75	0.05	0.075	-3.8071e-03
775	0.75	0.05	0.1	-3.7868e-03
776	0.775	-0.05	0.	-3.9986e-03
777	0.775	-0.05	0.025	-4.0405e-03
778	0.775	-0.05	0.05	-3.9958e-03
779	0.775	-0.05	0.075	-4.0319e-03
780	0.775	-0.05	0.1	-4.0157e-03
781	0.775	-0.025	0.	-3.9974e-03
782	0.775	-0.025	0.025	-3.9902e-03
783	0.775	-0.025	0.05	-3.9981e-03
784	0.775	-0.025	0.075	-4.0159e-03
785	0.775	-0.025	0.1	-3.9946e-03
786	0.775	0.	0.	-4.0341e-03
787	0.775	0.	0.025	-4.0058e-03
788	0.775	0.	0.05	-4.0204e-03
789	0.775	0.	0.075	-4.0191e-03
790	0.775	0.	0.1	-4.0352e-03
791	0.775	0.025	0.	-4.0021e-03
792	0.775	0.025	0.025	-4.0109e-03
793	0.775	0.025	0.05	-3.9867e-03
794	0.775	0.025	0.075	-4.0108e-03
795	0.775	0.025	0.1	-4.0275e-03
796	0.775	0.05	0.	-4.0127e-03
797	0.775	0.05	0.025	-4.0463e-03
798	0.775	0.05	0.05	-4.0175e-03
799	0.775	0.05	0.075	-4.0005e-03
800	0.775	0.05	0.1	-4.0165e-03
801	0.8	-0.05	0.	-4.1993e-03
802	0.8	-0.05	0.025	-4.2105e-03
803	0.8	-0.05	0.05	-4.2034e-03
804	0.8	-0.05	0.075	-4.2243e-03
805	0.8	-0.05	0.1	-4.2230e-03
806	0.8	-0.025	0.	-4.2444e-03
807	0.8	-0.025	0.025	-4.2223e-03
808	0.8	-0.025	0.05	-4.2071e-03
809	0.8	-0.025	0.075	-4.2503e-03
810	0.8	-0.025	0.1	-4.1742e-03
811	0.8	0.	0.	-4.2246e-03
812	0.8	0.	0.025	-4.2277e-03
813	0.8	0.	0.05	-4.2238e-03
814	0.8	0.	0.075	-4.2324e-03
815	0.8	0.	0.1	-4.2259e-03
816	0.8	0.025	0.	-4.2324e-03
817	0.8	0.025	0.025	-4.2138e-03
818	0.8	0.025	0.05	-4.1993e-03
819	0.8	0.025	0.075	-4.2232e-03
820	0.8	0.025	0.1	-4.2067e-03
821	0.8	0.05	0.	-4.2117e-03
822	0.8	0.05	0.025	-4.2436e-03
823	0.8	0.05	0.05	-4.2503e-03
824	0.8	0.05	0.075	-4.2433e-03
825	0.8	0.05	0.1	-4.2402e-03
826	0.825	-0.05	0.	-4.4421e-03
827	0.825	-0.05	0.025	-4.4591e-03
828	0.825	-0.05	0.05	-4.4474e-03
829	0.825	-0.05	0.075	-4.4757e-03
830	0.825	-0.05	0.1	-4.4248e-03
831	0.825	-0.025	0.	-4.4530e-03
832	0.825	-0.025	0.025	-4.4186e-03
833	0.825	-0.025	0.05	-4.4531e-03
834	0.825	-0.025	0.075	-4.4105e-03
835	0.825	-0.025	0.1	-4.4195e-03
836	0.825	0.	0.	-4.4183e-03
837	0.825	0.	0.025	-4.4456e-03
838	0.825	0.	0.05	-4.4474e-03
839	0.825	0.	0.075	-4.4846e-03
840	0.825	0.	0.1	-4.4395e-03
841	0.825	0.025	0.	-4.4548e-03
842	0.825	0.025	0.025	-4.4439e-03
843	0.825	0.025	0.05	-4.4533e-03
844	0.825	0.025	0.075	-4.4436e-03
845	0.825	0.025	0.1	-4.4606e-03
846	0.825	0.05	0.	-4.4224e-03
847	0.825	0.05	0.025	-4.3976e-03
848	0.825	0.05	0.05	-4.4485e-03
849	0.825	0.05	0.075	-4.4090e-03
850	0.825	0.05	0.1	-4.4644e-03
851	0.85	-0.05	0.	-4.6499e-03
852	0.85	-0.05	0.025	-4.6408e-03
853	0.85	-0.05	0.05	-4.7105e-03
854	0.85	-0.05	0.075	-4.6598e-03
855	0.85	-0.05	0.1	-4.6562e-03
856	0.85	-0.025	0.	-4.6741e-03
857	0.85	-0.025	0.025	-4.6753e-03
858	0.85	-0.025	0.05	-4.6814e-03
859	0.85	-0.025	0.075	-4.6353e-03
860	0.85	-0.025	0.1	-4.6701e-03
861	0.85	0.	0.	-4.6547e-03
862	0.85	0.	0.025	-4.6430e-03
863	0.85	0.	0.05	-4.6610e-03
864	0.85	0.	0.075	-4.6264e-03
865	0.85	0.	0.1	-4.6773e-03
866	0.85	0.025	0.	-4.6547e-03
867	0.85	0.025	0.025	-4.6512e-03
868	0.85	0.025	0.05	-4.6576e-03
869	0.85	0.025	0.075	-4.6570e-03
870	0.85	0.025	0.1	-4.6814e-03
871	0.85	0.05	0.	-4.6397e-03
872	0.85	0.05	0.025	-4.6530e-03
873	0.85	0.05	0.05	-4.6561e-03
874	0.85	0.05	0.075	-4.6403e-03
875	0.85	0.05	0.1	-4.6631e-03
876	0.875	-0.05	0.	-4.8667e-03
877	0.875	-0.05	0.025	-4.8534e-03
878	0.875	-0.05	0.05	-4.8911e-03
879	0.875	-0.05	0.075	-4.9111e-03
880	0.875	-0.05	0.1	-4.8818e-03
881	0.875	-0.025	0.	-4.8788e-03
882	0.875	-0.025	0.025	-4.8784e-03
883	0.875	-0.025	0.05	-4.8708e-03
884	0.875	-0.025	0.075	-4.9037e-03
885	0.875	-0.025	0.1	-4.8827e-03
886	0.875	0.	0.	-4.8383e-03
887	0.875	0.	0.025	-4.9043e-03
888	0.875	0.	0.05	-4.8995e-03
889	0.875	0.	0.075	-4.8926e-03
890	0.875	0.	0.1	-4.8271e-03
891	0.875	0.025	0.	-4.8808e-03
892	0.875	0.025	0.025	-4.8983e-03
893	0.875	0.025	0.05	-4.8883e-03
894	0.875	0.025	0.075	-4.8849e-03
895	0.875	0.025	0.1	-4.8983e-03
896	0.875	0.05	0.	-4.8836e-03
897	0.875	0.05	0.025	-4.9044e-03
898	0.875	0.05	0.05	-4.8840e-03
899	0.875	0.05	0.075	-4.8825e-03
900	0.875	0.05	0.1	-4.8983e-03
901	0.9	-0.05	0.	-5.0949e-03
902	0.9	-0.05	0.025	-5.0806e-03
903	0.9	-0.05	0.05	-5.1031e-03
904	0.9	-0.05	0.075	-5.1151e-03
905	0.9	-0.05	0.1	-5.1219e-03
906	0.9	-0.025	0.	-5.1220e-03
907	0.9	-0.025	0.025	-5.1016e-03
908	0.9	-0.025	0.05	-5.0995e-03
909	0.9	-0.025	0.075	-5.0909e-03
910	0.9	-0.025	0.1	-5.1081e-03
911	0.9	0.	0.	-5.0695e-03
912	0.9	0.	0.025	-5.1035e-03
913	0.9	0.	0.05	-5.1612e-03
914	0.9	0.	0.075	-5.0723e-03
915	0.9	0.	0.1	-5.1062e-03
916	0.9	0.025	0.	-5.1107e-03
917	0.9	0.025	0.025	-5.1133e-03
918	0.9	0.025	0.05	-5.0833e-03
919	0.9	0.025	0.075	-5.1135e-03
920	0.9	0.025	0.1	-5.0921e-03
921	0.9	0.05	0.	-5.0739e-03
922	0.9	0.05	0.025	-5.1224e-03
923	0.9	0.05	0.05	-5.1166e-03
924	0.9	0.05	0.075	-5.0833e-03
925	0.9	0.05	0.1	-5.0919e-03
926	0.925	-0.05	0.	-5.3139e-03
927	0.925	-0.05	0.025	-5.2912e-03
928	0.925	-0.05	0.05	-5.3425e-03
929	0.925	-0.05	0.075	-5.3433e-03
930	0.925	-0.05	0.1	-5.3192e-03
931	0.925	-0.025	0.	-5.3257e-03
932	0.925	-0.025	0.025	-5.3287e-03
933	0.925	-0.025	0.05	-5.3315e-03
934	0.925	-0.025	0.075	-5.2976e-03
935	0.925	-0.025	0.1	-5.3367e-03
936	0.925	0.	0.	-5.3012e-03
937	0.925	0.	0.025	-5.3408e-03
938	0.925	0.	0.05	-5.3036e-03
939	0.925	0.	0.075	-5.2986e-03
940	0.925	0.	0.1	-5.3257e-03
941	0.925	0.025	0.	-5.3252e-03
942	0.925	0.025	0.025	-5.3285e-03
943	0.925	0.025	0.05	-5.3072e-03
944	0.925	0.025	0.075	-5.3306e-03
945	0.925	0.025	0.1	-5.3326e-03
946	0.925	0.05	0.	-5.3511e-03
947	0.925	0.05	0.025	-5.3302e-03
948	0.925	0.05	0.05	-5.3135e-03
949	0.925	0.05	0.075	-5.2976e-03
950	0.925	0.05	0.1	-5.2937e-03
951	0.95	-0.05	0.	-5.5575e-03
952	0.95	-0.05	0.025	-5.5680e-03
953	0.95	-0.05	0.05	-5.5306e-03
954	0.95	-0.05	0.075	-5.5560e-03
955	0.95	-0.05	0.1	-5.5465e-03
956	0.95	-0.025	0.	-5.5663e-03
957	0.95	-0.025	0.025	-5.5696e-03
958	0.95	-0.025	0.05	-5.5001e-03
959	0.95	-0.025	0.075	-5.5733e-03
960	0.95	-0.025	0.1	-5.5560e-03
961	0.95	0.	0.	-5.5386e-03
962	0.95	0.	0.025	-5.5392e-03
963	0.95	0.	0.05	-5.5511e-03
964	0.95	0.	0.075	-5.5392e-03
965	0.95	0.	0.1	-5.5296e-03
966	0.95	0.025	0.	-5.5347e-03
967	0.95	0.025	0.025	-5.5273e-03
968	0.95	0.025	0.05	-5.5803e-03
969	0.95	0.025	0.075	-5.5516e-03
970	0.95	0.025	0.1	-5.6004e-03
971	0.95	0.05	0.	-5.5586e-03
972	0.95	0.05	0.025	-5.5634e-03
973	0.95	0.05	0.05	-5.5268e-03
974	0.95	0.05	0.075	-5.5455e-03
975	0.95	0.05	0.1	-5.5520e-03
976	0.975	-0.05	0.	-5.7603e-03
977	0.975	-0.05	0.025	-5.7643e-03
978	0.975	-0.05	0.05	-5.7848e-03
979	0.975	-0.05	0.075	-5.7852e-03
980	0.975	-0.05	0.1	-5.7442e-03
981	0.975	-0.025	0.	-5.7816e-03
982	0.975	-0.025	0.025	-5.7878e-03
983	0.975	-0.025	0.05	-5.7614e-03
984	0.975	-0.025	0.075	-5.7591e-03
985	0.975	-0.025	0.1	-5.7852e-03
986	0.975	0.	0.	-5.7156e-03
987	0.975	0.	0.025	-5.7751e-03
988	0.975	0.	0.05	-5.8128e-03
989	0.975	0.	0.075	-5.7151e-03
990	0.975	0.	0.1	-5.7941e-03
991	0.975	0.025	0.	-5.7876e-03
992	0.975	0.025	0.025	-5.7418e-03
993	0.975	0.025	0.05	-5.7871e-03
994	0.975	0.025	0.075	-5.7982e-03
995	0.975	0.025	0.1	-5.7479e-03
996	0.975	0.05	0.	-5.7587e-03
997	0.975	0.05	0.025	-5.7756e-03
998	0.975	0.05	0.05	-5.7976e-03
999	0.975	0.05	0.075	-5.7625e-03
1000	0.975	0.05	0.1	-5.7741e-03
1001	1	-0.05	0.	-5.9840e-03
1002	1	-0.05	0.025	-6.0006e-03
1003	1	-0.05	0.05	-6.0251e-03
1004	1	-0.05	0.075	-6.0025e-03
1005	1	-0.05	0.1	-5.9914e-03
1006	1	-0.025	0.	-5.9992e-03
1007	1	-0.025	0.025	-5.9808e-03
1008	1	-0.025	0.05	-5.9761e-03
1009	1	-0.025	0.075	-6.0289e-03
1010	1	-0.025	0.1	-6.0393e-03
1011	1	0.	0.	-5.9570e-03
1012	1	0.	0.025	-6.0140e-03
1013	1	0.	0.05	-6.0206e-03
1014	1	0.	0.075	-5.9709e-03
1015	1	0.	0.1	-5.9887e-03
1016	1	0.025	0.	-5.9862e-03
1017	1	0.025	0.025	-6.0456e-03
1018	1	0.025	0.05	-6.0397e-03
1019	1	0.025	0.075	-5.9779e-03
1020	1	0.025	0.1	-5.9650e-03
1021	1	0.05	0.	-6.0186e-03
1022	1	0.05	0.025	-6.0131e-03
1023	1	0.05	0.05	-6.0299e-03
1024	1	0.05	0.075	-5.9746e-03
1025	1	0.05	0.1	-6.0174e-03
